597

24)11 minister 0000110010100, 110. 1010011100 17 Mai 1708.
ΜΙΙΙΙ11111111010101· 10 0000110010, 110. 11010ιί1100 171101 1708. Minuta.)

25) 00010 d'une lettre 10 01. 1101110101 111. 10 10110100.
000000 12 Arrii 1708. 1111100001111100. (113100000100 80111111.)

20) 0000110010 1011011100, 110. 00000110 8111111 1708. 1110.
(0000110010 00110111, 110. 00000110 8 Arrii 1708. 00010.)

27) 0000110010 1011011100, 110. 00000110 12 Arrii 1708. 1100.
(00110111 0000110010, 110. 00000110 12 Arrii 1708 00010.)

28) Ugynnaz 001010101101,110. szintugy. 1111.
(0000010101101100 100 Minister. 01010100 Datum. 00010.)

20) 0000001, 110. 15111111 1708, 0 00000110. Mis.
(0000100100110. 15111111 1708, a 00000110. 00010.)

30)110000011011011100, 110. 000001101811111 1708. Mis. 101. 2.
(000001010100 00110111, 110. 00000110 18 Arrii 1708. 00010, 001. 2.)

31 0000001, 110. 00010110 20 Arrii 1708. 11110101. 3.
(000001010100, 110. 00000110 20111111 1708. 00010, 001. 3.)

82) Ugyannz 0010101011101,110. szintugy. 1100. 101. 2.
(000001010100 00 100 Minister. 01010100 001010. 00010, nol. 2.)

33) 00010 d'nne 1000000 10 01. 11111010, 110. ....110 101110
101111. 000011001010 24 Arrii 1708. 101. ii.

31) Ugyanaz 10 23 Arrii 1 ugyanaz 10 10 Arrii 1708. 001. 0.
(0000100100, 1010 23 Arrii 001 1008011011001001 10 Arrii 1708. 001. 0.)

33)110101’000 1000000 10 Mr. 0000110010 110 ..... i 000
10111010 01. 1111111010 110. 2311111 1708.

36) 1111101 01001100 00001100101101, 110. Marly 31 1101 1708.
Minuta, 101. 3.

(1001011010 71010000 1111· 0000110010, 110110110 31 Mai 1708. 1110010,
rol. 3.)

mmmmmmmfflwmmm.
(00110110000110011, 110. 0001011113 11οἰ 1708. 00010, 001. 2.)

38)110001100110 lettre 1001. 1111111010 10 20 Arrii ’1708. 001
111. 0001110010010101. 3.

30) 11011100 enites 10 01. 11111010 10 26 Arrii 1708, 001 Mr.
0000110010. 1110. 101. 2.

 

