180

74) 0000110000 1001011100, 000110011οο 1110000. 1707. 110

101. 3.
(0001011 0000110000, 0001100110015000. 1707. 00010, 1101. 3.)

71) 11101101 01001110 0000110000100. 000. 110010 31 11001. 1707.

Min. fol. 2.
(1100101010 11010000 00 0000110000, 000. 110010 31 11001. 1707. lin. 17012)

76) 00001100001001011100, 000. 22 Fen. 1707. 1110
(0000110000 0001011, 000. 22 0000100 1707. 00010.)

77) Ugyanaz a 0101100100, 000. 0000000. 1110101. 2.
(000001010100 00 000 1110101000101010000100. 00010, 001. 2.)
78) 111011γί 01001110 0000110000100, 000. viminea 11100. 1707.

1110. sol. 2.

(1100101101011010000 00 00εο00000, 000. versane· 11 An. 1701.
1110010, 001. 2.)

73) 00001100001000011100000010011001011001. 17 07010101. 3.
(0001011 0000110000, 000110011οο 101000117οῚ. 00010, 101. 3.)

80) 111011γί 01001110 000010000100,000.1000011100 28 10011 1707.
Minuta.

(1100101010 11010000 00 0000110000, 000. 1000000100 28 Am] 1707.
1110010.)

81) 0000110000 1001011100, 000. 410011 1707. 1110101. 2.
(00010110000110000, 0001010011 1707. 00 010, F 01. 2.)

82) 11300000, 000. 1310011 1707. 1110.
(000001010100, 000. 13 ivri} 1707. 00010.)

83) 1110110101001110 000000000100, 000. 110010 2 1010 1707. 1110.
(1100101010 11010000 100000000000, 000. 110010210101707. 1110010.)

81) 0000110000 1000011100, 000. 28 10011 1707. nis. 101. 3.
(0000110000 0001011, 000. 2810011 1707. 00010, 001. 3.)
81) 111011γί 01001110 000000000100, 000. 1000011100 161010 1707.

1110. 101. 3.

(1100101010 11010000 sir 0000110000, 010. 70000ἰο00 10 suin 1701.
1110010, 001. 3.)

86) 11116000 0 010101001οι, 000. 00100οι10 7 11011707. 0000.

00111000.
J (1111ὀο00 00 000 Minister, 000. 0010000ἰο 7. Mai 1707. Origini
Eigenhindig.)

87) 0000110000 1001011100, 000. 111101 1107. 1110. 101. 2.
(00001100000001011000111101 1707. 00010, 001. 2)

 

