818

48) ’10010011001000101100100010101001010001001003 0 10 0000
10 110000 000110 1000 10 00010 1110001 1712.

19) 11000000 aministerhez, ddo. Paris 25 Septembre 1712,
meletio 11111000 1000101001 1000000100, 110. 11001013 18 Septen-
100 1712.

(11000000 00 100 111010100, 11010010 25 Septembre 1712. miqui
0100110010111100 8010011000 1111010010 00300πο00, 110. 11001ιὶ3 10 Septu-
10001712.)

511) 11000100 touchant 100 [0000030110οο 01 111000 10 Son 01110000
800. 110. 10 001000 101100011000101110. 101. 2.

51) 11111000 1000001100, 110. 0 bord 10 st Georgo 111 Not.
1712. 101. 1 10 4⁰. Autogrnph.

[nfidezy 00 10000001, 110. 0 bord 10 Si Georgo 11 Nomi. im
101. 1 1011. Autognph.)

52)11300000001101800000011100, 110. 1000 10 8001 21 Not.
1712. 1010300010101. 1 1011.

(00000110 0οΒοτοο 10000001, 110. 100010 800121 10000010 1712101030.
101. 1 1011.)

53) 11330000 0330001100, 110. 00 bord 0000 10 11011 00 10310-
10000 9 11000001. 1712. 1101030. 101. 1 10 8⁰.

(1100001100 00100001100, 110. 00 00010000 1011011 0010310100009 nemi
1712. 101030. 101. 1 10 81.)

51) 8000000 xlv. Lajoshoz‚ 110. 2811000011. 1712. 101030.
101. 3.

(11000000 00 1001013111, 110. 28 11000001). 1712. 0101030. 101. 3.)

115) 1101001100 100 1100110 10 10 principantis 10100001100010
10000000. 010. 010. 1. 101810 4⁰.

11003010 1718-1782. vol. 1710 101.

100011101100 1110100100 0000 1000010001 1030101001, 00013010
0003000 101100110010 100000100000130100100103011011 003010100111101-
00111030 re'sze 6010110100, 0033 000010 10110110011010011100011

 

