10110111000110011101. Ι, 130.

- ΙΙ, 7. 14. 73. 103.

Maron 11001. Ι, 313. 317. 333.
110100-100011011. ΙΙ, 303.
1101100, 11011. Ι, 338.

Manlum, Madame. ΙΙ, 233.
1101110-010010,1111001128.
1101110011,Ηο111.11,273.

1101110111ιο 31000001, 1401111011.

311110. Ι, 33.
1101011011, 1100010111, 73.
11010110, 01111001. ΙΙ, 283. 303. 303.

110011001οΓ3. ΙΙ, 33. 380. 318. 313.

110011001011, Herzog v. ΙΙ, 380.
0101100, 1101101 1. Ι, 101.
11010οΙ. 1, 310.

11001101, 11011. Ι, 247. 252. 278.

- ΙΙ, 11. 12. 270. 277. 331. 387. 330.

330. 400. 401. 408. 411. 414.

1100011011, 111101.1,07.143.170. 182.
214.

- 11, 122. 320.

11000111. 1, 32.

11 0 101, 11000101. Ι, 143.

Merv, 8101001001810100110 1. ΙΙ, 434.

11000100101.1,4.

11011010101, 11111. ΙΙ, 11120148.

207. 273. 278. 232. 238. 237. 303.

304. 308. 311. 313. 322. 327. 328.

. 330. 331. 310. 333. 333. 301. 330.

303, 388. 331. 404. 418.
110 0 101, 3100101. Ι, 233.
1101011011, 0000101. ΙΙ, 7.
1110101 11011 11.Ι ΙΙ, 448. 443. 430.
11101101001100, 31. Ι, 33. 320.
11101101011.1,333.
111100,110111. ΙΙ, 132. 204. 208. 213.
233. 233.
1111101,1. Ι, 341. 340.
111010101ἰο10,4110001.1,17.
11ὶο10100. ΙΙ, 438.
Mi 00001, 11011. ΙΙ, 170.
311101111111010111001. ΙΙ, 430.
1101001101, 143.
M 0000 0 0 1. Ι,38. 40. 282. 288. 383, 373.
1101000, Herzog v. 328.
Mo 1001, 80111011 101. ΙΙ, 34.
1101100. Ι, 213. 304. 347. 333. 302.
ΙΙ, 447. 478.
1101100, 1170111010 1. Ι, 87.

333

*mmmmmmmm

3001010101,01011. (S. 0001801111.)
Ι, 23. 81. 82. 83. 84. 83. 88. 87.
88. 33. 33. 112. 113. 114. 137130.
140. 141. 147. 173. 228. 224. 230.

1100100011110100111, 123.

Mona Ι, 21. 30. 43. 31. 33. 34. 72. 73.
81. 82. 83. 30. 30. 31. 0232. 34.
38. 138. 141. 147. 148. 140. 130.
320. 380. 383. 380. 388. ·

110010000011,0000111.11, 138.

1100110110111, 413.

1100100110.110111.Ι,08.308.

1101101338.

1101100. Ι, 130. 102.

1101οΙ 10 3011101. Ι, 213.

110111110, (1111. ΙΙ, 332. 342. 348. 314.
317.

11001001, 7. 32. 78. 131. 201. 213.
218. 220. 301. 308. 812. 343. 330.

- ΙΙ, 71. 78. 130130180. 210. 212.
222. 317. 313. 382. 423. 121.

11οο1011101. Ι, 10. 08. 38. 00. 70.
71. 73. 78. 88. 83. 140172174.
180. 101. 188. 183. 130. 214. 242.
243. 240. 217. 230. 301. 338. 341.
342. 343. 344. 347. 302.

- ΙΙ, 20. 32. 142. 144. 101. 104. 174.
mmmmmmmm

11011001110010110100.11, 200.

Ιο00101111100101111010.11,101.

1100101111001010000101. ΙΙ, 87.

110010011100101 3000011013, 222.

110010111110101 111101. ΙΙ, 70. 84.

1110001104.

110110108101110110.

1111Ιο1,10101.1,233.

1110010101, 31.

11100101, (11111. Ι, 43. 378.

4110010101111010 ΙΙ, 203.

1101101, 11110. ΙΙ, 340.

11001100. Ι, 38.03.120.173.170.170.
180. 210. 230. 270. 303. 327. 323.
338. 333. 331. 332. 333. 334. 380.
337. 308.

-11, 7. 3. 10. 70. 73. 74. 73. 80.
84. 87. 88. 33. 113. 138. 170. 187.
188133. 138. 338. 340. 437. 434.
400. 408.

11001100, 31001011. Ι, 181. 182.

 

