453

les mains 11111. 11111111 1111111111, qu' 11 111 1111111111 111111
1111 11 111111111111111, 1111 11 11111111111111111111111111111111111
111111; n' 11111 point plus grand 1111111111 11 111 11111111111111111-
1111111 1111111111111111111111111111 1111111111111 1111 quel 11
svis 811111 11111111111111111111111111 1111111 tres 111111111 11
tres aquis 1111111111 11Τ1111111111111.1. 11 01111 11
71111111111111111111111111, 1111 8 11 1111111 17011.

(odgini.)
111.
1111111111 11. [1111111111. 11 11111111.
111111271111111701.

11110111111 1111111 1111 plaisir 11111 111111 que 1111
m' 1111 ecrite 11 8 de 1111111 11 111111111111 11 111 1111111111 111 11
qui me regards 11 Vre. 1111 111111 bien de 11111111111. 11111 11111
11111 1111111111 1111111111 11111 11111111111111 111 111111 11111111 11
11 11111111 1111 111111 11111111 11 11111111 1111111111 11111 1111111
111111111111111 11 11 111111111 11 1111111 1111111111111111111

1111111111 1111111111 11 11 111111111111111111111111111111 que
j· 11 11111111 111. 111. 1111111127. 111111 17111.

(minute.)

11.
81111111111111111111. Ludwig 11111.
81111-111111, 21.Ν111111111701.

Sira! 11 11111111111111 111111111111111 11 qu'il 11111
1111111. 11 111 11111111 11 11111 11 [11111111111 111 11111111-
11111 1111111111 (111111 111111 111. 1111111111 1111111111, 11111-
111111111 11 11 1111111111111111 son 1111 1111111111 qu'il 1 fait 1
1’ 11111 111 subsides, aussi 1111 111111111111111111111. 1111.
1111111 111111 1111111111 11 111 11111111 1111. 1111111111, 1111
11111 11 111111 1111 111 11111111 lorsque 11 111111 11111111 1
vro. 1111.

1111111 111 1111 1111 1111111111 Sire deme 1111111111
111111 11 111111111111, 1111 111111111111 111 l'onm's 1111111
11111111111, 1111111111111111 111111111 11 mes 1111111111111
11 1111111111, 11 1111111111 1111111 11 11111111111111111111. 1111.

 

