170

(1101011010 17010000 un 0000110000, 110. 7000011100- 6000000010. 1706.
Minuta.)

00) vesanam 000000, 00. 00 00. 0000. 00. 00. 0.
· (00001100000001011110. 10100001001706. 00010, 101. 6.)

00) 00000, 000. 00 Nov. 1100100002. ’
(000001010100, 110. 17 1100000100 1706, 00010, 1101. 2.)

62) 0000000, 110. 28 11000001. 1706. 1110. 101. 2.
(000001010100,1102810001το 1706. 00010, 001. 2.)
63) 1101101 01001110 00001100001000, 110. 7000011100 61000. 1707.

110010. 2. ,

(1601011010 11010000 00 0000110000, 110. 7000011100 6 1000100· 1707. 111-
0001011012.)

61) 00001100001011011100, 110. 40000001. 1706. 1110.
(00001100001100003110.1000000100 1706. 00010.) ³ ’

66) 110110010010100000110000100, 0110. 1000011100 271000. 1707.
Minuta: Δ ’ ·« ·

(1001000100 71010000 00 1100010010, 110 1000011100 27 1000100· 1707.
11 10010.)

66) 00001100001011011100, 110, 6 00000010. 17061110.
(11001011 0000110000, 110. 8 Decembre 1706. 00010.)

67) xlv. hajos 1111010ογ100, 110. 7000011100 00010. 17071110.
(Ludwig xlv. 00 1101100000, 110. 1000011100 1 110100 1707. 00010.)
68) 11101101 01001110 00001100001000, 110. 7000011100 1110101707.

Min. 101. 2.

(1100101010 110100ος 00 0000110000, 1010. 7000010001. 1001000017οῚ.
11100010, 001. 2.)

60)110001100001011011100, 110. 1100000 201000. 1707. 1110.
(00010101 0000000000, 110. 1100000 20 1000100· 1707. 00010.) ἢ

70) 0000000, 110. 0000000 0001101001001100101. 2.
(000001010100, 01010100 Datum, 00 100 Minister. 00010, 101. 2.)

71) 01001110 000000000100,110. 110010. 3 11001 17071110.
(0010000100 0000110000, (1101100103 11001. 1707. Minuta)

72) 0000110000 1011011100, 1109271000. 1707. 1110. 101. 2.
(00010110000110001, 110. 271000100 1707. 00010, 101. 2.)

00000000 00000 0000000000, 000. 0000 10 00000000.

Min, 101. 2.

(1101011010 61010000 00 0000110000, 110110010101100017011110010.
001. 1.) . · ·

37·

 

