672

3111111111.11,113.

31111113111.1,333.

1311111111,1111τνοη. 11, 3. 13. 373.
333. 331. 333. 333. 333. 313. 313.
333. 331. 333. 313. 331.

1711131111, (irat. 11373. 381. 383.

W e 1 1 1. 11, 131.333.113.

1111111111111. 11133.

3111111111.1,333.

311111111111111 7111111. 11, 318.

· 333333. 333. 371333.

- 11, 173. 333. 133.

1131113111. 11, 311. 318. 333.

13113111131111.11313311.

13111.1,31.31.137.133.113.137.133.
331.

-11, 3. 3. 7. 3. 3. 11). 11133331.
33. 33. 33. 33. 33. 10. 11. 13. 33. 33.
3173. 33. 37. 33. 3331113113.
113. 133. 137. 113. 113. 131. 133.
137. 138. 133. 133. 131. 133. 138.
133. 173. 171. 173. 173131. 133.
133. 131. 133. 133. 133133. 131.
133. 133. 311. 313. 333. 333. 333.
337. 333. 333. 331. 337. 333. 311.
333. 331. 333. 333. 333. 371. 333.
333. 331. 133. 113111131133.

· 133.133.337.313.337.

Wiener 311131 ( 1333). 11, 37.

wien, 1111· 111. 1, 1317. 33. 31. 33.
37. 117. 133. 133113. 131133. 131.
131. 171. 177. 131. 333. 317. 333.
333. 331. 333. 333331331373.
313. 333. 333. 331333313333.
333. 333. 373. 331. 333.

- 11, 1. 3. 11. 13. 13. 33. 33. 3313313.
11. 13. 17. 33. 37. 33. 33. 33. 73. 71.
73. 73. 71. 73. 73. 33. 31. 38. 37. 33.
33. 1111. 137. 111. 113. 133. 133.
133. 133. 133. 137. 133131. 133.
133. 133. 133. 131.133.133.133.
137. 133. 171. 173. 173. 177. 131.
133. 133. 137. 133. 131. 137. 333.
331. 331313. 317. 333. 331. 313.
333. 337. 333. 373. 373. 371. 373.
333. 333. 333. 331. 337. 331. 333.

313, 311. 313. 313. 333. 337. 337.
338. 333. 311. 311333. 353111.
373. 373. 383. 381. 338. ³⁹2 131
337. 133. 113. 133. m. 111111.
113. 133. 173. 173. 133. 131. 131
137. 183. 133. 3113. 3113313313.
333. 337. 333. 3333131333. 111.
313. 311. 3133133117.
wi enerZoitung. 11, 311. 31.
wighs. 11, 333. 333. 213. m. 313
333. 3333313311. 333.
W 1 gh · 1111111111111. 11, 3.
13111111,11111. 1331333. 311.
wilhelm, 113111. 11, 337.
31113111131311.11,313.
11113111. 11, 233. 133. 123, 131
31111111.11,37.337.311.333.
131111111111,3111.11,3.133.
3113111111113138.

’1311111.1,33.333.313.311.217.333

3111111111,3111.1333.

-11, 8. 33. 13. 33. 83. ¹25. 211121- 1
173.

1111111133.
11111. 11383333.
Ζ131111. 1331.
311111. 1331.

- 11, 133. 138.
31111μ,1111111.1,13.

- 11, 31. 33. 33.
ΖιροΙμ,.111.3ἰςίιωιιιᾶ. 11. 33.
3111311.11,33.133.
31111131111,3111111.1,113

- 11, 113. 113133, 131273. 331. m

333. 331. 333. 333. 313. 313. aa
333. 371. 373. 373. 381. m m
333. 137. 113. 111. 111133.

Zinzerling. 11131.

3111. 1, 333. 338. 313.

-11, 33. 33. 33. 73. 73. 83. 311θί

137.173.

311111311311. 1312.

31111. 111333.

331101. 33101111.
1111111111311.

- 11, 33. 131338. 333.

..u—-

 

