1130

11) 11000000, 110. 110010 201010 1703. 1110. 101. 2.
(0000101010, 110. 00010 20 1010 1708. Cupie, 1101. 2.)
113) De 101160 00 ministre, 11010110010011108. 11001011

88111111101110 an 100 Minister, 110. 0101001001 1708 original. nigen-
01011.
30))1111111101001110 00001100101100, 110. 0000100110ου 0 Aug.

708. Minuta.
1 (1001011010 71010003 nn Desnllours, 11010010100101000 3. August 1708.
Minuta.)

57) 0000110010 0100111011, 110. Lewenz 28 1010 1708.-11101014.
(8010110001110010, 110. [000002810101708. Co p 10, F 01. 1.)

118) 11101111 01001110 0000110010100, 110. 1001010011000 231001

1708. Minuta, 101.. 2.

(1100131010 110100ος 00 0000110000, 1101001010001000 231001 1708.
Μ10010,1“01.2.)

10) 0000110010 1011011100, 110. pres Neuheyzel 81011101 1708.

ms. 101. 6.
(00001100118010111, 110. 0100100101001810111. 1708. Cop 10, 101 0.)

00) 11001000 a ministerhez. 110. pres Neuhoyzol 8 10111. 1708.

Mas. 101. 3.
(0000310101)οη 00 100111010101, 110. pren Neuhoysel 810111. 1708. Cupie,
Fol. 3.)

01) 111111γί0101000000110010100, ddo. 7010011100 30 1001 17 08.

Minuta, 101. 2.
Ι (1110101010 110100001100000110000, 110.10101111003010011708 1110010,
Fol. 2.)

02) 0000110010 1011011100, 110. 0000 Nyitra 111 1011101 1708.

Mais. sol. 3.
(0010110001000,0000000001016100. 003. copie.) .

83) 11010000, 110. 0100111110 10 10111. 1708.-1110. 101. 3.
(0000310101οο 1100100 1101101011ιί0. 1708.00010,101. 3.)

04) Ugyanaz, ddo. Vel-bova 28 1011101 1708. 1110.
(00031οἱ0100, 110. 1001010 20 10111. 1708. 00ρί 0.) 7

88)1010101011111101)1100, 110. 7010011100 13 Septemb. 1708.
Minuta.

(Der Minister 10 1111000), 110. 1010011100 13 Sept 1708. 1110010.)

 

