666

66) 6666116666 1666611166, 616. 66 6616 161666, 116611768
1148.(11)611·16211 6666116666, 666. au 6616 66 Vns 1 16611716. 66616, rot 2)

67) 11666666, 666. 866661681661 1768. 1116 161. 6.
(6666161666, 6166. 8666616 8 61611 1768. 66616, 161. 2)

68) 11666666, 666. 16616 16 166117681116161. 8.
(66666166166, 666. Agri: 16 1661 1768. 6,·6616, 11613.)
66)1116116161661116 6666166616, 666. ἶ1166661116627 Septemb

1768. 6116616, 161. 2.

(1166161161611616666 66 6666116666, 666. 1666111166 27 Septemb, 1768
1116616, 1161. 2.)

76) 116666166 66 661 666116. 66116166, 666. 2 66166. 1768. 1166-
6611. (661616.) 161. 1.

71) 6666116666 1666611166, 666. 1661623 166117681116. 161. 7.

(1166161111666116666, 666. Agri· 1661661 1766 66616, 1161. 7.)

72)11666666, 666. 1616666 26 06166. 1768. 1116161. 6.
(666661616666, 666. 666666 21166166. 1768116616, 1161 1)

73) 11666666 661616166166, 666. 66666611 66 61166. 1116.
(66661616666 66 666 111616166, 666. 66666661661666666616 copie.)

71) 1166161666 161166 66 66. 11116666 6116. 66 161116. 666.
Cassan 16 Novemb. 1768. 1161166666116166. (1161166666668616111)

76) 1116116161661116666616666166, 6661666611166 18 Decembre

1768. 1116616.

(1661611616 11616666 166 6666116666, 616. 7666111166 16 Decembre 1716
1116616.)

76) 1661616166 6666116666166, 616. 1666611166 3 6666166 1761.
Μ11111116· 11161666 66 6666116666, 666. 1666166661666166 1766. 1116616.)
77) 6666116666 1666611166, 666. 6661616 61 66161617681116,

. 2.
s⁰¹ (Β66161ι111666116666’, 666. 86616616 61 66166. 1768. 66616, roe 2.)

78) 11666666, 666. 86666168 1166666. 1768. 1116.
(6666161666, 666. 66616616 8 1166666. 1768. copie.)

76) 11666666, 666. Ρ616166811666661). 1768. 1116161. 2.
(66661616166, 666. Petale 16666666. 1768. (16616, 1161. 2)

86) 11161161 61661116 6666116666166, 6661666611166 16 ,1166166
1766. 1116616.

 

