490

nouvelle guerre 1331 differemmeut de 13 3333313313, 31 133133333313
333 je jugerois ahsolumeut 3333333133 333 133 13333333 tta-augeres, qui
333331 133133, 333133333113 nom 1313333333 3331131333, 333 13 1133
31333311333331133333313 133333333331 13 rues Estats de ’133331-
33313. 13 3333331 333311 333331331 ordre de 13333133 3311333333113
1333113333113313131313313, 1313 3333, 31 13 13 33131313333 133
13333333, 313333113333133 13313333313333 31 autres 31131333 333 13
1133 3333333311 3333 33333313 tau-gent, 33333, 3113111133 133 13333333
suivant les adres establis 333 Sa Majeste.

Des 3133 33133331133 Hougrie 13 3313 1333313311 13 subsistam
13 eestrouppes, 31133 3331311311333 333 je 33333313 33331131 313113
3333 3133 133133111313333333311, serviraient 1 augmentet 33 33333,
331333311 1333 13 33113 13 modale 13 13313 mou 333113.

133133333331333331333 3331333133 1333333133 33313333 3131·
33133133 313133113333313, 3333133 33313 je 33 333311 333 obliga 33
menagemeut que 133 ete 13331 133313 33333333313333331, 11311131
13133333133 33333 1313333333 ets-augeres.

11 3333113 333131133 333 13 331 Auguste put 1133 11333313133331·
333 cette 3313333133 31 31313313 13 1133 hommes 11313313313 3113
113 333313313; 33313 33331 meme 33 331333 33 33313311333 13 13133
1133133331, 33 11331333131133333113313113313 13 03313133 13 enee
313 31133 331333 331333333 33133313 133133111133 neeessaires.

11 333311 1333 13331331333 1333 13 131311 133 13333333 33331331-
333 33331313313, 1 habillement 31 1331331133 133133113333331313333.
333 333 331311333133133 331333 33313 1133 333133 donner, et des
regtemens faits 33133333 133 3131313. Δ

03 33 333313 13 33313 1133133 31333331333331333313 3333111111
13 33 333131, 133331113331333 3 S. 111131313113 333133 1133 st
33333133 3 3 133333 13333133. Ce 33 seua 33333 333 33 3313311, qd
3331333 133 33333333 33333331333 3 cette entreprise, lorsqu'ette 13 jugera
3333333113 a 333131333313.

13 33313 m'estre suffissameut 3313113313 1113331333, sur 33333
133311333311313311 333 33133 131133 33133 3331133, 3111 33 ns
33313333 13 13133 333133331131311333113331313 3331333 13 eene
lettra; ma resolution 33 133333 31333313 estant 1331 333331313 311333
3133333, 3· 33 3133313 1333333313. 313.

(1133 1133113133313 3311111 333 313313333113131133 133 33133 63333133 313
Α. 1 Α.)

 

