Personen· und Ostregister.

(zum 1. und ιι. nando.)

Auem. 1282.

- 11. 211.
ι1’18ιιο. 1, 288. 278.
ΑοΙιιιιεῑΡιιοοΙιι, Venir- 11, 111.
Α d ιι ιιι, 11ιιιιιιῑιιιιιιιιι. 11,181.
ΑᾱιίιηοροΙ. 11, 818. 838.
Alba, Herzog von. 1, 133. 118. 111.
Albauier. 1, 138.
ΑΙιιιιιιιιι 1,83.81.387.
1111118. 11,83.
ΑΙΗιείιιι. ΙΙ,123.
Attranatadt‚Friedenvom, 188.
- 11, 121.
Amazona, 11ιιιι. 1,121.
Amsterdnm. 1, 187. 228. 218.
- 11, 131. 211. 283. 328. 382. 388. 388.
338183.
ΑιιοῑΙΙοιι (88181181). 11, 8. 82. 88. 72.
71. 78. 183.
ΑιιᾱιιΙοοιί. 1, 182. 213. 218.
Andrnsy. 11,188.188.
Androna 11. von Ungem. 11, 88. 88.
ΑιιςΙίοιιιίιοΙιοΚίιεΙιο. 11, 233.
3·1ιικι111ιιι,8ι11.1,117.
Attiou, Herzog von. 1, 318.
- 11, 11. 311. 323.
Α ιιι p ι e h - Brundenburg, Ριίιιι. 11, 332.
Αριιιι, Michael, vater 18880881, 187.
282.
- 11, 28. 88.,88. 88237. 383. 181. 188.
813.
And. 11, 338.
Anien. 11, 823. 838.
Αιοιι. 1, 218.
- 11, 171. 283.
Aspermont, 11ιι18ιι1ιοιι. Ι, 38.
128.
- 11. 181. 288.

Αεροιιιιοιι1,8ι18ιιιοιι. 1,118.327.
- 11, 83. 232. 338. 313.
Asturica, Ριίιιιιοιι. 1,81.

-11 833.
Augu, ut, 118ιί3 von ΡοΙοιι. 1, 27. 33.
83. 78. 187. 177. 182. 188. 238. 211.

233. 218. 338. 312. 313.
7 11, 1. 8. 11. 18. 21. 72. 31131. 133.
323. 383. 388. 121. 128. 138.
Αιιιιιιοιι1, flenogvon. 8. Ormond.
Ayerst. 11, 111. 211. 213. 313.
Baboeuay. 11,188.
8118881111, Hert. 11.118.
Bagou. 1, 22.
- 11, 188.
Βιίοιιι. 1, 38. 81. 83. 81. 88. 8883. 33.
32. 31. 388.
- 11,2.13.31. 173. 288. 271323. 331.

187. 132. 183.

Βιίιιιιι, Kurffirut von. Ι, 3. 1. 8. 7. .

18. 22. 23. 21. 28. 28. 28. 23. 38.
31. 38. 38. 37. 3833181112. 13.
18.18.17.18.83.82.83.87. 88. 83.
81. 82. 83. 87. 72. 73. 88. 81. 83. 81.
88. 83. 38. 31. 32. 33. 31. 38. 37. 112.
133. 137. 188. 132. 131. 138. 213.
231. 288. 273. 282. 283. 281. 288.
287. 283. 233. 238. 238. 237. 238.
233. 388. 381. 382. 3833111338.
388. 318. 311. 318. 318. 318. 313.
321. 327. 323. 333. 331. 313. 311.
381. 381.

-11, 2. 13. 288. 111. 111. 112. 118.
118183. 177. 183.

hieru, Gesandter ιοιι 1, 133. 137.

nm, comita. ιι, ιω. ’

sanguen 11, 173.

hunger, 11,118.

 

