100

10000112410111011701, ’10000111 27 1011101 1704, 'remeauit
31 10111011701011). S. du 21001. 1704. 1001 0110101100 F 011101

83) 101110 00 Su. 00 1110111110 0 Μ. 00 000000, 000. 00 camp 00
8001001181001. 1804. 001.

84) Ugyuuaz 011000110001100011, 26. August. 1110.
(00100110 00 000001100, 010000001101; 000. 1001 1704. C opio.)

81) Cupie 00 10 101110 0011. 0000110010 0 11. 0011011101 00
110ηο010121 1001. 1704. 0001001101011101.

80) 01001110, 000. 1010011100 0. October 1704, 0000110010100.
110100001 111100011000110111100111 1010000101, 0 0 100100 portu

01001110010101, 00 0010100 001 1111100011 10111 100 0101110 00111001.
Minuta.

(11010001, 000. 1010011100 0. 0010101 1704 00 0000110010, Er 00010
11001100 11110001 100 111000000110000 010010000 000 010 1. 110110 11100010,

111011 0101110111 0011010, 11110001, 1000 0001001 00101001 11000, 00 001010111000.
ἰ 0010.

8711111110100000110011010 300001100010, 000. 110111 10. 0010-
ber 1704. 111100010110110. Minuta.

(Ludwig'u xlv. Anwoisung 11101 30.000110000,000. 11011111. 0010101
17011111 11110001. 1010010.)

’ 00) 0010111.0101110010. 100110 20. November
1704 000011001100, 1011 0110001001, noha 0010111010010011000
1011110010 100011100101, 0001011 0010010001 00011001, 10001100,
1011 0001010011011101, 00110 0111010101, 000. 1100000 27. 110· ,
100101 1704, 1110110100 a 00100001 011000010 1011000010001101001.
me'g 101111 1111010 01100011 0011100101111 01011 10110 10 011011
10001, 1010000111οΙ, 0100101000 0011011 1111100110 100011100001, “

10111000100100001110111110 0 1001101 0011011111. Minuta.

(100110011οο im 110000 11001111 000 111.,000. 1010010020. November ζ
170400 0000110010, 0000 01 101011001, 11010001, 11000 0101010001 0010 waffa-
0111101000 000 11100000011000 01010000, 010 1011010100 Subsidium 10 geben, 100110
01 10110, 0000 01 101000 1110000 0011100000 110100; daun fursotzuugsweise, 000.
1000000271101001101 1704, 0001000 01010 [1010110010ος 001 &hemitur
[1010110010οςοο 011011001010, 1001010111100101000001111110001 uu 00100-
010100000010110000 0011100100 0100010001000 1110011100 Ε11011; 000000 unge-
001101110001001,1010101001 10 11000010 10010100 01010000, 0001100110101
0011011 11101 010 0011100100 101010100101100. 1110010.)

80) Cupie du 10000110 00 Su. Michel 001100 0101100 00 11001111.
00 31 11001 1704, 101. 0.

 

