Hongrie de 17001 1704, 111. 011 11111 11111111111111111111
11111111111111111111111111111 Ρ11111111Ι111111111, 11. 11111111 0111111

1111111111 111111) 1111111111 1111111111111.

(lm 011111 11113111 111 17001 17011119.1111111,111111111111111-

1111111111 111111111113111 111111311111111111111111111 fulgendo 111 0111111113
des 11111011111111. 111111111110111111111 1111111111.)

1) 1700 1111. 111111111111111111111110111111111111111, 111111-
1111 111111111111 111111111111 1111111111 11 XIV. 1111111111 111111-

11111 1111111. 0111111111. 111. 1, 111. 11111.

(0111111 J. 1700, 1111111101111111181111181111 1111111111, 11111111·
muthmasslich gegen 11111111111111111111111111 und 1111111 Ludwig xlv. 11111·-
111111111111111111.11111111111111111,101.,111111. Spr.)

2) 1111111111. 1 1111111111 711111. , 1411111, 41111111 111111
1701 Du 01111111111111111111111111 xlv. hajoshoz, 1111111111111-
val egysstt, 11111111 11111, 11 1111111 1111111 1111111 Lajos 1 1111111

11111111111111111. 1111111. 3, 11. 11111.

(1111 011111, 11111. 1111111171111, 11. 1111, 1. August, 11. August 1101
11111111311111111111111101111111101 111111 11 Ludwig xlv.. mit 111111
Erwiderungen, 11111111 1111111111 und welchen 1111111 Ludwig 11111111 11 111-
1111 111113 mit 1111 1111111· 11111111 111111. 01111. 3 111., 11111. Spr.)

3) 0111111111 1111111111113111111 111111111111 11 111111 1111
1111111 111111111111, 1111111 01 Heron 1701. aug. 22. 1111111 11111.
1111111 1111. 11 111111 1111111 1111111111111111 11111111111111. 111. 20.

(3111111111 0111131131111 den 11111111 (1111113111 1111111 11111111-
11111111111, 1111111 01 111111 am 22. Aug. 1701 nach Paris 11111111. 1111111111

1111111111 111 1111 11 0110111111111111110111111111131111111111 111 111111,
20 111.)

4) 01111111111 111111 111111 1111111111 171. 01111. 2111113,

11 10-111. 111111111111. 1111. 2, fr. nyelv.
(0111 01111101 1111111 1110111111 17. 01111, 3.11. 10. November

1701.11111111;11111111111111, 2010111811.)

 

