108

10) 0111111 (111111111111111111111 01. 0111111) 1111. 11711111
ddo. 31 Mars, 11 Avril, 101111130111111708.

11) 111111γί 11111111 011101111111, 11111. 21 tuin 1708, 1011-

111111111. Minuta.
(Kttnigliehe Wetsung 111 0111111111, 011. 21 suin 170810111111111111.

11 inu 11.
12) 0111101111 1111111111. 1111. 11111 17 1111 1708. 1111. rot. 1.
(1111111111111111. 111111111111811111, 111. 1.)

13) 11111111 0111111111111, 1111. 81111111 21111111 1708. ua

110111 0111111111. 111. 3 11 11.
(11116111 11011101111, 1110111111 21 11101708. Cupie, 1111 0111111-

schrift 111111111111. 011. tin 1.)
11) 111111111111111, 111. 11111 11 mai 1111111111.
(01111110111111111’, 1111. 111111 171111 1708. copie, 011. 2.)
tt) Ktrttyi 11111111 0111111111111, 1111. 011111101111281111

1708. Minuta.
(Ktnigtiehe 0111113111 0111011111, 111. vanui-obtenu 28 11111101

11111111.)

16)01111111111111111111,1111. 1111127 1111 1708. 1111 111. 3.
(0111111011101111’,1111. Agrtu 27 1111 1708. cop 11, 011. 3.)

17) 1111111 11111111 011101111111, (1111. 011111111111 5 Juittet

1708. 1111111,1ο1 3.
(Ktnigtiehe weisung 111 0111111111, 111.111111111111 1111111111 1701

11111111.οο1.0.)

18) 1111111111 11 111 par 111. 11 1111111111. 01111111111131110.
17081111. (original) 111. 1.

19) Copie (1111 11111111 pr. 111111111111711111, 1111. 11111
101111 1708. 011. 2. 111111111111111.

50) 0111011111 111111111111, 111. 11111 01 111117081111111. 1.
(0111111111 nn 11111 1111111111, 111. Auria 31 111111 Capi 1, 011. 1.)
11) 11111111 11111111 011101111111, 1110111111111111 12111011

1708. 11111,111 2.
Μίῃξ1ξ11ἑ1ἑ11112131111113111011101111,111. 011111111111 12 1111111 itm

52) 01111111111111111111, ddo. Agriat 11111708. ms. tot. 4.
(1111111011101111, 11111. 11111011ιί1 1708. Copto, 011. 1.)

13) 01111111, 1101. 13111 11 1111 1708. 1111. 111. 2.
(011111111111, 11111111 11 suin 1708. 1111111ῥο11. 2)

 

