667

16) 861661186161618611661161161161116. 111616161 31. 166.

1701. 116611. 11611.

(Franz 111166111111611111 1161116, 116. 11116161 31. 161661 1701.
Copia, 11611811.)

16) 8111611166116161111616 161166 161 166 1666611616 66111616 6
1611161661. 1111161. 6. 61116. 68. (Co pie, 6 BL, 68 Art.)

17) 11116611 XIV. Lajoshoz‚ ddo. 1116116161 16. Febr. 1101. 816-

1611, 161 611.
(11111611 an Ludwig xlv.. 116. 1111161611616116611701. 01111161,
11611. 811.)

18) [1116161 611111161161, 116. 61161611 6116161161. 816111. ny.

(11611611611161 Minister, ddo. 16 661. 1666 611116 01111161, 11111.
8116616.)

19) 06116 16 16161116 11 S. 16 8161110611611. le Marquis de
’1616111 1661661111616116111116161 21. Febr. 1701.

60) 11111611 xlv. 16161161, 116.,6161161611 21. 8611. 1701.

8161611 11. 11611.

(11116611 66 Ludwig 161 111161. 116116161121.86116611101011-
11161, 11661. 811.)

61) 8661166 1611616166, 6 1116116161 1111616166 1161111161 16661-

heta 16 1111661166. 1116. 11. 11611. 8161161616111616116111. 1611. 18.

(1111616 8161161611, 1111611611 161 16161611 161 [11161116 6116611111161
und gereebt 111. (16116, 11611. 816, 161161161161116111611111, 18 81.)

62) 0611611161611161611116611 6Μ1. 16 161166, 116. 26.
Febr. 1705. 2.

63) 16161 1161666616, 116. 16. 611. 1701. 3000011611111

1661111161111111616611 11116616. 1116116, 21611161.

(11611111 1111. 1111616661, 116. 16. April 11016161 30000 81116611
161161 061116111111111611. Minuta, 2 8161111616.)

61) 116 11611116 (161111111161 11616116 16161161 1616611111-

1611161, 116. 28. 11611. 11011166116661 61166161111111611161161161
116161616166 1116161161. 1111. fr. nyelv. 161. 7.

(116 1116111116 an 1161111111, 1111161116111 (1611111166 11 16161111116161,
1162811611 110181161111611 6616161111 1611611161 und 81611 16111111-
61116166111611161161161.06116, 11111. 811, 111. 7.)

66) 8616166116111616,116. 1616611166 12. Mai 1701. 116161116-

1116160000 1111611111 11116611 11111116. 1111616, 2 1611111.

(1111111111. 111616111,116.1611111161 121161 1101, 11661161 cassian·
1116160000 11116116111116611. 1111616, 2 8161111616.)

 

