78. 110. 02. 80. 01. 02. 00. 00. 100.
101. 100. 100. 101. 105. 1011. 100.
127. 100. 101. 101. 107. 108. 100.
110. 111. 112. 110. 110.117.100.
100. 107. 101. 102. 171.170.170.
177. 180. 181. 180. 181. 180180.
100. 101. 100. 200. 001. 200. 208.
010. 211. 010. 218. 210. 200. 222.
220. 220. 020. 201. 200. 200. 208.
211. 211Ι 010. 217. 0180102110.
001. 200. 208. 200. 281. 200. 281.
200. 207. 000. 071. 270. 070. 078.
277, 270. 282. 280, 288. 201. 200.
001, 000. 000. 208. 200. 000. 002.
008. 007. 008. 012. 010. 011. 010.
010. 010. 020. 021. 0211000. 000.
,000. 000. 010. 011. 010. 010. 018.
017. 018. 001. 002. 001. 000. 000.
007. 008. 000. 000. 001. 001. 000.
080. 007. 088. 000. 071. 072. 070.
071. 070. 077. 070. 081. 000. 080.
081. 080. 087. 080. 001. 000. 000.
000. 007. 008. 000. 100 102100,
101. 100. 100. 107.108.100.110,
112. 110. 110. 118. 117. 110. 120.
121. 122. 100. 121. 120. 100. 127.
108. 100. 101. 100. 100.

1111111101111. 11,170.

111οο1111111, 81111011111111011111.
1, 000.

118 111. 11, 00. 118. 020. 001000. 112100.

118 1 11, 0111181111ο11. 1, 100.

1101111, 1001101111. 1, 181. 207. 200. 007.

11011310111.1,210.010.

- 11, 0. 0. 20. 22. 20. 07. 01. 101. 100.
100. 100. 110. 112. 1101171οθ.
100. 1110. 181. 170. 181. 181.

18111111111,011111111211.

- 11, 0. 8. 80. 01. 02. 101. 100Ι 100.
000. 281. 020. 010. 018. 007. 008.

11111. 1111.

- 11, 1711108.

11110111,0110111111111111.0081111.

1111111111, 0111811111.11,001.

1111118111.11,111.

11111111111.11,100.

11111111811111. 1, 1800100110.

- 11, 20. 111. 110. 100. 200.

11111111.11,87.00.

¹ 11111111,111111.1,80.011.

001

11111111,11111111111111.11,188.100.

11 11 k 111 , 1111111111111 von. Ι, 000.
-11,100.

111111111111.11,108.

111111,11111·. 1, 80. 100. 101. 107. 100.

111. 110. 111. 118. 120. 001.

- 11, 0.

1111111111.11,100.
11111, vomisset. 11, 200.
1111111111.11,1.
11101111. 1,00.

-11,1.

1110111111. 11,1. 11.
1111111181.11,000.
11 1111111, Stephon. 1, 011. 010.

- 11, 77. 70. 01. 100. 108. 180100. ,
11111111.11,100. .
1111111111,1·“11111.1,200. ’
- 11, 000. 000. 000. 278. 270. 2811087.

200. 001. 007. 020108.
1111111118.11,121.
1111111111,8ἰο.11,108.
1110111111, 811111, 80108.
118111111,1181113.11,018.
11111111111111, 118.
lamberg, 1111111. 11, 0. 7. 21. 00. 80.

00. 70. 88. 07. 170. 101.

11 11111, 81, 1111118111. 1, 180. 101.

010. 010. 011.

1111111111, 11111. 1, 08. 00. 100. 121.

-11,101.170.

11111811.11,1111.
1111181111.11,080.011.

Lange, 01. 11, 100. 200. 002.
1111311111ΙΛ11111811. 11, 000. 018.

002. 000.
1111111111,111111.81.11,011.

Lu 1111111, 1811111111, 00. 087.
1111111. 11, 80.
11111111111111111,ρ111111. 11,110.
Leipzig. 1180110.

1111111,11, 108.

1111110111.1,210.

-11,0’0. 100. 107. 180. 180.
Lamban-g, 0111111111. 1, 08.
11111111. 0111 11111.

11111111. ’

11111118 1., 1111111. 1, 107. 000. 000. ·

-11, 2. 08. 71. 08. 188. 108. 080.

010. 007. 008. 000. 001. 007.

 

