52⁷

l' 19999111, 9999 99 999 999191199 (91 9’ 991 19 9919911 19 11199) 19
999919 99 9999, lequel mil 991119 99 99919919199 199199119 que 9’ 991
celuy que 1191119 99 911199 19 911 1999999999. 11 99199991191999,
qne 19999· 19999991 199919 1199Ι 19 99 191199 999199 9999999999
qui 99 999999991991, 9191991 9991919 999 199999191199 1919 9999199919
91119999 999 191199 11999999 99991 19911919 199119 prend 19 liberie
(19199199199999 99919, 991191 1999 19 199111, qn'il 9 9999 199919
991119, 1199 999911 qu' 99 n 9119911 9999 ceux qui 99 99191 19 99911 19
1199 0911911999, 9919999 99 991999 999991 99 aucune 9991 1999 19
9919 1111999191, 99 19991999 guerre n's 911 que 19 999119991199 19
99119991 9999991119 999111199119.19 conseil 19 1119999 n'o eu 999-
191999991 99 9999 que 99 999999 19199, qnend 11 9 exige qne 19 99
99199999999 en Frenee 9119 9991919 991999999. 199999199 9919999 999
lesquelles ll. 19 199 d· Orleens 9 911 obligo 19199 recorder 99 19999-
19, 9919 19919 999999 91991 1919 91199 19199919 19 1199999 9199199991
9919 qu· 119 199991999919 1199 111999999, 91199 991119 9999999999
991 911, 9999 91991 1199, 199999 9999999991, ils serent melheureuee-
9991999999999199191991999999991. Seroil 1199991119 que 19 9999
9191119999 9991199991 19 9999 19 Franco 91 9119 9991199911 999999 d'exi-
ger 999 exclusisse, 99 qu'elle m’enrint 99 chere 99111919 199 (19991-
‹lnles‘l Cur 99991 9 999 19 999911 9991 19 nngager 99 999919 qne je
99 99 99199919 19 9199 1 1199999 19 ll. 19 199 10919999 9999999
qne 19 999 991999999 1999 99 (1) solitudo: 19 99 99999119919 9999
9919911999 11 n'nller 199919 119919, 999 99199199 qui ponrroit exigor
‹le moy que 19 99119999 999 19 19999 99 19999 lust. 9199111199
99919199 11199 9991 19 999 encore 19 1999911199991 19 9991919 999
19999111 9119919 qni 99 99919 19 991999999 99 199999.

199 lin 1919919119 19 Brenner rn'n 19119919 99 qu' 991 l'homrne
919919991 919999991919999119111 991999 99919 11199 999 99 9199-
ricorde 9991119199 9991919 991191 19 111 11999999 d'un 999991999919
199919 9999999991 que 19 9919 9991119 199999, 99 9 199991 999 9919
999 sous son chevet, 91 9 99199 999 99191 19 999991111 99999199 qu' 11
99 99 9999191191 1919 1999199 19119191 19 199999199919. 19 n'nrois

9991199 19 croire que le 199 99199 9999999991 19 199199919999-
91199991 99999 999999999991 19 19 guerre ‘de Hongrie 99991 911
999991919919 1991999999 19 (19119999, lequel l'llmpereur Leopold
999119999119999 9999999 19 pain le 99199 91 9111999 1999 999
99911 qu' 99 199 9999911991 que je 19999999999919991999199 en

 

