571

(1001011010 71010000 fir Deeelleere, 000. Vermillee 3. December 1705.
011100100012.)

102) Deeolleure 1000011000 0 10010100, 000. 00 ’1000011000ἰο

3000101000 1705. 1000. 101. 2.

(Deeelleure' 00001100 000110οἰ0, 000. 00 10000ιί0000 eb. Dotobor
1705. (10010001. 2.)

103) 1100101 01001100 0000110000100, 000. biarby 17 Decembre

1705. 1110010, 101. 2.
(1100101010 Weieueg 100 0000110000, 000. 110010 17. December 1705.
1110010, 1012.)

104) 0000110000 1001011000, 000. 15 Novembre 1705. 1100101. 2.
(Deeelleure' Dericbt, 000. 15. November 1705. 60010, Fe 1. 2.)

105) Ugyeoez, 000. 25 Novembre 1705. 1100. 101. 2.
(000001010100, 000. 25. November 1705. Co 010, Feb 2.)

106) 10010101000000110000100000. Merly 7 ,1000100 1706. Minuta.
(Der Minister 00 0000110000, 000. 110010 7 1000100 1700. 1010010.)

107) Kirbyi 01001100 Desalleursbez, 000. 1100107 1000100 1706.

1010010101. 3.

(0001011010 11010000 fiir Deeelleure, 000. 100010 000 7 1000100· 1706.
1110010,1“οΙ. 3.)

108) 0000110000 1001011000 0 0101010000, 000. 2510000001. 1705.

1100101. 3.

(0000110000 0001011 00 000 Minister, 000. 25. November 1705110010.
Nol. 3.)

100) xlv. bejoe 0010000100, 000. 1101071000οι 1706. 1110010,

00000 eomplim.
(Lubrig xlv, 00 11010000, 0001100107 000010017060010010. 0100 Com·
pliment.)

110) 00001100001000011000 0 10010100, 00011010 2 Decembre

1705. 1100. 101. 2.
(000011οι00 Dericbt 00 000 110010, 000. 11010 20000001. 1705. copie,
Feb. 2.)

111) Ugyanar, 000. 10 Decembre 1705. 1100. 101. 2.
(000001οἱ0000, 000. 10. December 1705. 00010, 001. 2.)

112) 1110010101001100 000011000100, 000. 1000011100 1410001οι·

1706. 1110010101. 2.

(1160100010 Weieung 1000000110000, 000. 1100001000 14 Jeorier 1706.
1110010, 001. 2.)

 

