202. 203. 204. 208. 000. 008. 012.
010. 010. 040. 040. 040. 001. 004.
007. 000. 000. 001. 081. 427. 420.
400. 400. 477. 481. 482. 400. 401.
404. 400.

000013, 0000100000. 11, 00.

0000010. Ι, 104. 244. 240. 200. 207.
200. 200. 200. 000.

- 11, 220. 207. 014. 020.

00000100. 1,140.

-11,170.

000000010. 1, 222. 002. 000.

-11, 108. 100. 101. 182. 180. 407.

470.

00 10 0001110, 000101. 11, 000.

00001000, 0000001. 11, 400.

0000110000, 01000010. 1, 0. 4. 0. 0.
7. 11. 10. 21. 20. 24. 20. 20. 01.
41. 42. 40. 40. 00. 00. 02. 00. 74.
82. 04. 00. 07. 00. 00. 100. 100.
110.114.118. 120. 121. 122. 127.
107.100.140.147. 148. 101. 100.
100. 108. 100. 101. 102. 200. 204.
200. 200. 200. 210. 211. 112. 220.
200. 207. 288. 201. 000. 000. 007.
010. 020. 021. 027. 020. 020. 000.
001. 002. 000. 004. 000. 041. 042.
040. 044. 020. 040. 000. 007. 074.
070. 070. 000. 000. 007.

-11, 0. 07. 401. 402. 400. 404. 400.
400. 474. 470. 470. 400. 482. 044.

0000000010,11000000.1,07.112.140.
100. 100. 104. 200. 201.

00010001000000 00010000000100.

1, 20. 00. 00. 70. 01. 00. 08. 00.

01. 02. 00. 04. 100. 104. 101. 170.

100. 211. 220. 200. 204. 200. 002.

012. 020. 002. 000. 000.
- 11, 00. 210. 220. 201. 041. 070. 422.
424. 400. 477. 408. 010. 021. 000.
000100010011, 1110100-. Ι, 04. 000.

000100000, 010. 1, 07. 04. 140. 000.

000. 001.’

-· 11, 04. 70. 80. 200. 444. 400. 401.

404. 470. 470. 000. 000.

00010000 0000100. 11, 240. 070.

082.
01000011, 12.
11¹ 0. 11000010. 11, 040.
000001,11000000.1,17.

000

000001, 11000000. 11, 0. 00001. 02.
111.

0000010000 Postu, 410.

00110, 0000001. 1, 08. 080.

0 ο h n 0, annoni-hiemant 1, 04. 087.

00000, 0001. 11, 11. 202.

00000011, 0001. ΙΙ, 207, 000.

00000011,00000.11,10.

00100001],0“0001. 1, 00210. 211.
212. 210. 000. 011.

- 11, 100. 100.

000001, 140. 200. 200. 070.

-11, 00. 100. 104. 200. 440. 444.
440. 400. 400. 470.

0000010000,1100000010400.

000001. 1, 180. 100.

00000,11000000.11,404.

0001. {hasam

00001. Ι, 104.

- 11, 000. 000.

00000. 11, 210.

0000.11,100.400.

00001100. 1, 01. ’

-11,21. 147.

000010, 00001001. 11, 001. 010. 014.

0000100000. 1, 04. 80. 07. 00. 100.
007.

- ΙΙ, 000. 000. 000. 420. 402. 400.
404.

0000010001.11,100.

0001011, 100. 180.

0011000 0000. Ι, 000. 000.

0000000000.11,407.

00001100. 8010001100.

00000, Fatuus. 0100210000.

- 11, 120. 1118000000.

1110001101. 0211.

010100.1,000 004.

- 11, 204. 287.

01100001011001310. 11, 227. 247.

0111000, 110. 11. 214.

0100001, 100.

-11,007.020.

0031000.1,10.20.00.04.,00.04.
00. 80. 240. 201. 200. 280. 200. 200.
272. 282.

- 11, 0. 0. 7. 0. 0. 1012102024
00. 00. 40. 42. 40. 00. 00. 70. 72.
70. 00. 00. 80. 00. 07. 101. 100.
104. 110. 117. 110. 110.101.102.

 

