4⁰2

Pour rependro 11 111 11111 11111111, je 11111 111 11 1111111111
11 1111111111 11111111 111111 11111111 11 1111 1111111111 1111111 11
11111111111111111111111111 1111111 111111111111111 d· 11 1111111 1
1111111111111111111 1111111111 1111 11 1111111 gons. Comei 11
11111111111111111131111111 111111 111 occasions, 11 1111111111-
ment 1 11 11111111 11111111, 11 111 11 111111111 11111111 1111111 11
11111111111111 1111111111111111111 111111 111111 11 1111 1111111
11311;111111111111 11111 1111111111 11 11111111 11111 111 111111
11 1111111111, 111 11 1111111111111111111111111111111111 1111111111,
1111111111 31111111 11 11111 1111 111111( 1111 11111111 qui 111 111-
1111111 memes 1111111111111111,1111 1111111111 1111111111111111
111111111111111 111111, 111 111111116111 01111111, 11 11111-
111111111111111 11 11 pat-t 11 11111111 11111 11111 generum. 111
1111111116 11 quelques autres. 11111111 quo 11111 111111 1111111 11
[11111111 111 1111111111111111, qui 1111111111 11 111 1111161 111111
111 11 111 1111111 11111111. Plus 11 11111111111111 1111111111
1111111111111 11111 111111111; 11 quelques 111111 qui 1111111611
1111111111111111111111111111111, 11111111111 111111 11 111 qu'n
11111111111111 111 111111 111 11 1111111 11 1111111111, 1111111111 11111

11111111111111111111111 11111111; 1111 1111111111 plus 1111111111
11 111111 11111111, qui 1 111 1111111 pour 111111111111111111 corp
11111111 1111 1111111111, 1111111111 11111111 environ soixante 1111111
11 111111 1111111111 1111111111111111 11 patei! nombre d'Hongrois qn?
luy 111 promis 11111111 1111111, 11 1111111111111111111 impe
1111111111111111111111 1111111111 111 3111111111 11111111. mle

1111111111111111111 1111111 111111 11111 11111 1111111111 pou·
mois 1111 111111.

11 11111 111111 110111111111111 garde du priuee 111 1111-
111111 11 1111 1111 11111111 1111 11111 1111111, qu'on 11111111 1111·
113111 11 1111111111, 11111 1111111111 11111111111 1111111111 11
11111111111111111 qui 1111111 1111 1111111111 1111111111 111111 1111· ¹
11111 111111 11111111. ³

1111111 11 May suivant 111 111 11 111111111111 111 1111111 111 ἒ
1111111111, qui 111111111111111111 11111 111111111 1111111111111
huit 1111111111 1111111111, 11 1111 1111111 111111111111 comm:
111111111111111111111111111,11111 1111111111 1111111111, 11 1111111111
111 111 comitata ; 11 qui 111111111 1111 11111111 1111111111 11111 ’
1111 hommes 111111111 1111 y comprendre 11 1111111111 111 grandim

 

