8111111111166.

81116111,111111.1116.

8111111. 1, 63. 66, 66. 62. 126. 132.
133. 131. 137. 117. 162. 162. 166.
226. 226. 262.

- 11, 16. 27. 26. 31. 33. 66. 66. 116.
116, 167. 176. 176 176. 216. 221.
226. 237. 211. 216. 261. 271. 272.
276. 266. 366. 366. 312. 313. 326.

, 336. 376. 371366. 131116166.

661. 663. 661. 666. 667. 666. 611.

612. 616. 616. 616. 626. 631. 633.

636. 637. 638. 616. 613. 611. 6161

616.

8111111, 61111611111 111. 1, 126.
133137.

8111111,Ι11111111.1611.

8111111, [16111111. 1, 66. 131. 116.
166. 166. 161. 231. 266. 267. 266.
262267.

··- 1161126176. 168. 221. 266. 182.
163. 661. 666. 627. 631. 636. 637.
636. 611. 616.

8111111, [1611111111. 1, 267.

8111111,111.1,162.

-11266,267. ’

8111111. 11167.
spiam, 8111111. 8. 8111161.
811111,1111111188111111.

8 111 1 d 1, 111166111111, 111 611111. Ι,
61. 366. ,
8111111111,11611311161111. 1, 36.
61. 67. 71. 76. 76. 61. 86. 86. 167.
177. 166. 216. 226. 221. 261268.

661. 322. 366. 361.
- 11, 1. 6. 61. 366.
8111111111’1161Ρ11111.1166.
81116116111.1116316326.
- 11 116161. 176176.
8111111111.11,27.176.
811111, 6111. 11, 123.
811161111116113111611111. 1163.
8111111,11111. 1117.
81111111361.
811 1111 (8111111111). 1, 322.
8111111111, 61111262263.

- 11, 6. 12. 267. 266. 216. 211. 211.
226. 222. 226. 211, 262. 266. 266.

m

mmmmmmm
mmmmmmm
mmmmmmm
mmmmmmm
mmmmmmm
mmmmmmm
mmmmmmm
mumummmmm
mmmmmm'

8111116113.Ι,136.163.
-11,122.

811111. 1, 662.

8116111111116111. 11316113.

81111, (1111. 163. 667.

81111,111.Ι1162.

8111111116, 6111. 111611117.
Ἰ236. 236.

81161111. 1362.

81161-11166. 11163.

81116111. Ι, 116. 123. 362. 326. 361.

- 11, 136. 176. 166.166.266.216. 226.
266. 266. 271. 272. 267. 361. 311.
132163.

811161111111111111161111111 11. 613.

811161111161111111. 1166.

81116111,6111111.1,22.

8111111111. 1, 12. 217. 236. 263. m.

— 11, 26. 27. 36. 61. 71. 66. 281. 262.
266. 321. 311. 366166.

81131111. 166326.

- 11, 1161161611.

8111111611. 1, 163. 221.

81111111. 1, 111. 111. 116· 117. 176.
183. 166. 267. 226. 261. 266. 272.
273. 331. 336. 316.

- 1162. 122. 126. 136. 1311621611.
81111111. 11166.

8 111 11 11 6 1, 11111-61111-111116111 11
61111172.

-111.1.12.66.161. ,

6111111111, 61116111 1111 11111-
aruns-remman 1161111. 1 16. 31.
6661161.

- 11166166.

81111111187.

- 1111.

8111111. 11, 7.167. 121. 132. 163166.

81111116111111. 1121.

261. 263. 267. 266. 273. 278. 282. - 1166.

266. 286. 267. 362. 363. 366. 367.

1

8111111,11111.11,236.116

 

