8118181. Herzog 1811. ΙΙ, 19. 19. 18.
148. 189. 179982. 999. 497. 419.
8881188, Dichter. Ι, 192.

881189818181, 988181. ΙΙ, 119299.
247.

8811111811, aaron, 188811818111188-
1111181. 1, 182191. 292. 298. 298.
299. 219. 212, 221. 999. 911. 912. 989.

- ΙΙ, 122. 289. 287.

88118188 (1118881). Ι, 244.

8811888111.11,184.498.

8 cheremon, 8111. 981811118811111.
9198. 187. 199191.

8811181188. 9299.

- ΙΙ, 9. 9. 27. 88. 71. 97. 99. 119. 179.
228. 288. 298. 898. 991. 447. 479.
899. 819. 811. 812.

98111181, 8888111. 11, 429. 449.

8811118888,9111188.198999.

88111888891811,1181118819298.
299.

9811111181,9111188(88111181181).
19147.

9818181118, 81181 188. 11, 49199.
1181188881.8811881181.

Schmidt, 1881818. Ι, 119. 129. 128.
198. 149112. 148. 188. 187. 928.
949. 988.

- 19189.

88118818 (981118). Ι, 298.

9818111188. 1, 97.

-11,298.499.

881811118881. 19298.

9 811118 111, 1181111811. 11, 122.

'mmmmmmmm

-— 11, 98. 449. 448.

881118888. 1, 28. 99. 94. 98. 88. 89.
79. 71. 72. 88. 88. 148. 187. 178.
189. 194. 291. 298. 299. 219. 298.
299. 919. 911. 919. 918. 898. 842.
948. 948.

8811118881. Ι’1,2.7.Ι8.81.89.78. 84.
88. 174. 178. 219. 289. 289. 287.
994. 972. 889. 982. 988. 419. 417.
429. 421. 424. 427. 429. 499. 821.

8811118888, 1188131811. 1, 1927. 99.

91. 92. 89. 89. 88. 87. 89. 79. 71. 72.
74. 78. 78. 77. 78. 798984. 88. 89.
99. 198. 148148. 149148. 182191.
199. 199. 179. 171. 172, 179. 178.

179. 199. 191. 192. 198. 199. m.
299. 294. 298. 299 211. 212. 218,
217. 229. 221. 222. 2911298211.
248. 287. 297. 298. 299. 999111.
997. 919. 912. 918. 914. 922. 197.
999. 941. 944. 948. 949. 847181
994. 988.

8811118881,1181113188. 199187.
8. 9. 29. 87. 71. 78. 81. 89. 121. 111.
179. 179. 174. 198. 219. 228 271.
429. 424. 478. 498. 899.

881188818811811188188181. 1921

88111881881181111188.11,198

8811881819971.

8811881181. 19989.

88811,11811.11,189.

8811118819497.

88818111, 8118888981 cen-dudm.
1, 89. 887.

888181118819111. 9297.

88811, 8881188181. 1, 18. 982.

981181, (1181121181). 9892.

- 19488.

8111111811. 9198.

91 bo, Ι, 9. 42. 979.

91811188. 9191.

- 19197. 414. 898. 811. 812. 897.
8181111881. 988989.
918181181181,181811181.1,81
8189889111881,818888181.1,88.98.
Slebenbirgon,Mummiam
81118388, 8818111. ΙΙ, 89. 98.
811181 , 1111111881, 1118188881 11118111·

181811 18 1111118. 1, 289. m.
9181888811, 9111. 19928.
811881. 8211188.
9111881118. 19184.
9111818111. 9999.

- 19112.

98118881, (1111188. 19897.
88111, 8111188. (8. 111811 11811111·

181.) Ι, 99. 84. 88. 89. 99. 218229

221. 299. 919. 918. 984.
88118118, 881118. 1984.

881111. 11, 499.
981111, Inger 1181. 19449.
8881118, 9181883. 9817. 899.

- 19497.
8881881181,1181188188.11,248.
88111. 19198.

 

