870

8111111. 11111.

8181181811188.

7111181,11111. 1880.

- 11, 181. 188.

7111111. 1840.

711111188888.

71111, 0111. 1178.

711113811. 11170.

71111111. 11, 141488.

71111118,111111111181.1,880.

ταυτα-1118111111.

71111111-81111,88111811. ss, 181.

711111, 11118111. 11, 88.

71111111,0111111181.11,188.441.

71111111. 11,478.

71116, 1111811111 von. 11, 888. 888.
880.

781111. 1808888.

- 11, 4.

71111111111. ΙΙ, 107.

71811. 184.

- n, 78. 111811880. 807.

71111811. 1808.

71118 1, 11111. 11, 44. 808. 814. 818. 888.
841.

71181. 11,810.

781811,71“1111.1.88.

- ΙΙ, 88. 88. 88. 187. 188. 188. 184. 800.
888. 808. 888. 888. 488. 484. 488.

71111. 1, 188. 170. 188. 808.

- ΙΙ, 4. 188. 888. 487. 488.

7811111 71118. 11, 188. 488.

78111, 8111111. 11, 7.

711111, 11111. ΙΙ, 4. 80. 78. 188.

71111, unquis. 1, 8. 110. 11. 18. 80.
84. 88888080. 8180. 4848. 88.
70. 81. 88. 88. 88. 88. 01. 08. 08. 87.
08. 00. 100. 1011081011. 108. 107.
108. 111. 118. 118.114.118.118.
117. 118. 110. 180. 181. 188188.
188. 188. 180. 188. 1881811811.
188. 187. 180. 140. 141148. 148.
144. 148. 140. 181188188188.
188. 188. 184. 1111181188. 178.
178. 174. 188. 187. 180. 818. 810.
888. 887. 888. 881. 881888888.
887. 841. 848. 841847. 818. 848.
880. 888. 884. 888. 880. 888. 888.
871. 878. 878. 874. 878. 877. 870,
880. 887. 888. 801. 808. 811888.

884. 888. 887. 888. 880. m. 888. ’

881880. 848. 880. 878.

78111, 11111811. n, 8. 14. 887. 878.
880. 480. 481481, 481488. 481
440. 478. 488. 408. 814.

711111. 11,887.

711] -1111111111111, 11, 10. 11. 18.

78111. 11,888. 888. 840. 848 888.

7111111. Ι, 184.

- 11,818.

7118111. 11118.

7811811181.

-11,880.

71118111, (1111181. 11, 18. 801814.
881. 888. 884. 887. 848.

7811111. 1181141.

7111111, 8111111111 von. Ι, 148.

7111181,8111181.1,88.78.8888.
11. 11. 111. 111. 111. 111. 111. ’

- ΙΙ, 4. 478. 477. 488. 488484.

7111111111811. 118. 8. 7. 101108.
118. 110. 180.

71111181. 11,488.

7111181111,1111, 81181111. 11, 481.

71111111.1,81.118.118.117.888.

- 11, 18. 444. 470.

71111, 81111111 von. 11, 178.

7111111. Ι, 181. 841.

-11,478.

711111. 1, 10. 88. 88. 80. 80. 171188
808. 808. 804. 808. 800. 811811.
818. 818. 888. 881888848. 141.
848. 887. 800, 804. 888. 881181.

- ΙΙ, 4. 7. 8. 1818118188. 888.
48. 48414848. 8081. 818888
87. 88. 88818888. 71. 78. Μ
00. 88. 08. 8100. 118. 114. 118. 117.
110. 118188. 187. 188. 140. 141.
148, 148. 144. 148. 181. 188 188
188. 187. 178. 174. 104. 108. m
801807. 800. 818. 814. 818. 817.
888. 887. 888. 887. 888. 874. 880.
888. 888. 888. 881801881841
848. 888. 888. 888. 888. 441. 448. ¹
448. 448. 488. 488. 488. 808. 810.
818. 814. 818. 817. 818. 810. 888.
8811841841.

78111111113. ΙΙ, 181184.

71111. 1, 4. 84. 811. 888.

- ΙΙ, 188.

 

