569

77) 0000110000 1011011100, 110. 00 (lamp 10 Baream (Pirkiny)

15 1011101 1705. 1110. 101. 2.

(0000110000 00010111, 110. 00 110000 1011000000 (Pdrkiny) 15 1011101 1705.
0001011012.)

78) 0300000110. 18 1011101 1705. 1110.
(000031010500, 110. 18101001 1705. (10010.)

70) 0300000, 110. 00 camp sur 10 17003 25 1011101 1705· Mis.

101. 2.
(11100000, 110. 00 camp 0001017003251011101 1705. (10010, iol. 2.)

80) 01001110 00001100001000,110. 110010 27 10001 1705010010,

101. 5.
(17010003 1100000110000,110. 110013 27 1001 1705. Mi 0010, 001. 1.)

81) 101100 10 80. 10 11000 0 1130. 10 01000010 10 Tomy, du Camp
10 710010 12 1011101 1705. 1110. 101. 2.

82) xiv. Lajos 0116000100, 110. 110010 1705. 1110010.
(Ludwig xlv. 00 11111000, 110. 110010271001 1705. Minu 10.)

83) 11101101 01001110 00001100001000, 110. 00010 27 1001 1705.

Minuta.
(1100130000 17010003 100 0000110000, 0110110013 27 1001 1705. 1110010.)

81) 00001100001010011100 0 1101101000, 110. camp 0000 10 17003

211 1011101 17051110101. 1.

(0000110000 00010111 00 100 110013, 110. 00 camp 0000 10 17003
211 1011101 1705. Copia, 11011.)

85) 11300000, 110. 03000011, 151001 1705. 11110101. 5.
(0000 31010000, 0110. 010010001101 151001 1705. 00010, 1101. 5.)

85) A minister 000010000000, 110. 0001010000ου 1 00101100

1705. 1110010, 101. 2.

(1100 11ὶο10100 00 0000110000, 110. 0001010011000 1 001011. 1705. 1110010,
001. 2.)

87) 0000110000 1010011100 0 1101101000, 110. 00000 0000 10 17003

24 1001 1705. 1110. 101. 8.

(0000110000 00010101 00 100 110013, 110. 00000 0000 10 0003211001
’0000 copie, 000. 0.)

88) 11101101 01001110 0000000000, 110. 1001010011000 9 00101).

1705. 11110010, 101. 2.
(1100131101017010003110 0000110000, 110. 00010100510000 001011. 1705.
1110010, 1101. 2.)

 

