561

10) 111111111111111111111111 te Ρ11111 11111111 11111 eres
111111. 31 11111701.

91) 0111111111 XIV. 111111111111. monaster· en 11111111111111.
1701, 1111111Ιί az 111111 begterbegget 11111111111111111111 1 1111111
111111111111111111, 11111111111 b 11111111111111 111111. A beg-
1111111 111111 1111111, 1111 11111111 aron 1111111, 11111111 1 Terre
1 1111111111 11111125 111111111 tegyverszttnet 1111111111 1 1111111111
1111111111111111111111 engedett 11111, 1111111111, 1 11111111

11111111111111111111. 11111111, tr. nyelv.

(1111101111 11 1111111 111 rw„ 111. 111111111 11 1111111111 tout
1701. Er 1111111 11111 mit 1111 11111111 1111111111 1111 111 1111111111 1111-
regeneretur, 1111111 111111111111111 1111, 111111111111 11111111111. 011
111111111111111111111111111111, 1111 111111111111 Eestungen. welche der
Tr'rrte 1111111 11111111 1111111 111111111111111 2111111111 1111111111111111
11111111 111 1111111111 1111 111 [1111111111 dieses Friedens 1111111111 1111,
1111111111 111111111, 1111111111 11 1111111111 11111111111 111. 01111111,
1 1111. Spr.)

92) 11111111 11 1111111111, 111. 1111111111 21 11111701011111-

1111111111, 111111111111. Mes. fr. nyelv.

(01111111 11 11 1111111, 111. 1111111111 2111111701. Uber 111111111
(1111111111 1111111111. copie, 11111. 811.)

11) 1111111111(1111111111111111 11111111111111.
(1111111111111 8111111111 (0. September 1701), 11111111111111111 1111111.

Co 11.
Ι11)) Cepie 1111 lettre du Sr. de Fierritte 111, 11111111, 111.
camp 1111111111) Sept. 1701.
91) 01111 d'une lettre de 111111(111) 30 8111. 1701.

96) 01111 11 quatre lettres de 111. 0111111111 1111. 1111111111, ’

111. 11111111 27 Sept. 1701, 1111111111811111. 1111111130 01-
11111 1701. -Τ1111111110111111111, 1701. - Ρ111111111111111.
97) 111111111111 111. 0111111111111111. Pelissier s'en 111111

11111111111111 11111111, 111. 11111111 26 011111. 1701. ’111111
trisse! 1111111111. (Cep. 1101111111.)
98) xlv. 111111111111111111111111111120. November 1701.

Minuta.
(1111111117. 11 netem, 111. 1111111111 2⁰. Novemb. 1701. 1111111.)

119) 01111 11 1111111111111 a 111. 11 11111111 1111111111 111 11
81. 11 1111111111, 11 01111 111111Ν11111111 11 Νο11111111701,

eree 11111111111111 11 111 1111111111 1701; 1111 111111111111.
111111. 1111. 1. 11. 1111. 30

 

