88888888,118818881888.11882112.

1188188. 1, 288.

118888. 11228.

1188888 11888 888. 11, 11. 218. 888.

11831111, 188.

88188188, 88888888818818. 1, 181. 112.
887.

- 11, 8. 818188. 188. 111. 112. 118.
111. 118. 118181. 281281, 278. 281.
288. 288. 811. 828. 828. 818. 877.
878. 881. 882. 888. 888. 888.

11818188, 8888881. 1, 118.

- 11, 8. 78. 88. 81. 88. 88. 118. 111.
117.188.188.

11811888888,88888.11,88.

88118818818881818,118188. 11, 12.
118118.

1181118881, 1188118888. 1278278278.
881.

-11,818. 828. 881. 881. 188. 818.

1181818888.11,188.

1188818. (8.888818.) 1, 178.

88888881818,11881.11,1181117182.
172.

8888881118, 88818118.

888888881881.11,888.

118888,11888.11,188.

1188888. 11, 827. 888.

1188888, 88888881888. 117. 888.

1118888188.11,21, 71.

11 8811811111, 88818881881. 1, 2. 81. 228.
888.

1181188888, 11888888. 11, 228. 218.

8818818188,11888.11,118.

8888888811, 88888 888. 1, 81.

-11,12.11.

118181, 11888 888. 11, 218.

1181188811, 188188. 88. 72. 8881.
118. 118. 118. 121. 1211112188.
118. 181. 188. 188188182. 188.
218. 288. 278. 281. 818. 828. 828.
882. 888. 887.

- 11, 8. 8. 7. 8. 11. 1218111888.
88. 18. 12. 11,18. 8878, 72. 78.
78. 88. 88. 88. 81. 88. 188. 181. 181.
188. 118. 111. 112.111.118.118.
118. 128. 128. 181. 187. 111. 181.
188. 188. 178. 171. 172. 178188.
187. 188. 181. 288. 287. 218. 222.
221. 228. 228. 2118288288. 218.

888

218. 211. 288. 288. 282. 281. 288.
278 288. 287. 281. 222. 282. 288.
288. 818. 822. 827. 2282818811.
818. 811. 887. 887. 878. 881. 882.
888. 881. 888. 887. 888.·888. 888.
888. 182. 188. 188122128128.
182188. 111. 818.
1181118888,818.1,18.88.128188.
182. 181. 217. 282. 288. 287. 288.
282. 888.
11, 118. 181. 188. 178. 188. 188. 287.
211. 221. 222. 228. 221. 218. 288.
278. 282. 288. 881. 828. 288. 818.
888. 878. 878. 888. 888. 288. 888.
881. 888. 181. 182.187.188.111.
122. 121. 188. 181. 888. 887. 888.
88111881, 8883. 1, 288. 878.
88181818. 11, 882. 818. 818.
88181818, Herzog von. 1 181.

- 11, 172. 282.

118181818, 111818188 888. 1, 188.

1188888888.1,88.81.88.

1188888188 dor 7181188881 888 1181888.
Ι, 288.

11811. 11, 12188.

88881. 1, 181. 888.

- 11, 7. 71. 88. 188. 188. 172. 187.

188188. 1, 228. 288. 287. 288.

- 11, 221. 281. 272. 278.

11188188, 88888. 11, 888. 888.

11388, 88888. 11, 8. 8. 28. 28. 81. 88.
88. 118. 118. 1118182171. 178. 171.
178188. 288287. 212. 221. 282. 878.

1188881. 1, 288.

-11, 17.

18888. 818888.

18811, mm. 11, 187.

1811818811, 228.

11811881, 88. 82. 81. 818. 828. 881.
888. 888.

- 11, 8182128. 118. 188. 228. 227.
281. 878, 288. 187111121128.
188. 171. 177. 888. 887. 818. 811.
818. 818. 828. 887.

1181188, 8188188 888. 11, 871.

11811881888881μ.11,1.12.

188188811118.18118188188.
828. 888.

- 11, 2. 8. 8. 18. 17. 18. 18. 28. 21. 22.
28. 21. 88. 81. 81. 88. 27. 28. 88.

12*

 

