074

138) 111111110110110000010010101100. 1101000100 1. April 1701.
Minuta, 101. 1.
(1100111010 11010001 1010001110010, 1110. 1010011100 1. April 1700. 11-

11010, 001. 2.
130) 00110 00 10 101110 10 1111000 11111011 0111. 00 0011101, 010
411011. 1700. 00101101001101101111. 0001110010, 101. 4.

140)11111111 01001110 00001100101101, 0110. 111111 1011111 1701.

Minuta
(0001111010 11011011 101 0000110010, ddo. 111111 1011111 1700. minute.)

141) 0111011 XIV. Lajoshoz, ddo. Agria 1011011. 1700. 11101011

0011111101. 10 4⁰.

(0110011 10 Ludwig xlv„ 110. 11110 10 Martii 1700. original.
011001101111011040.)

142) XIV. 11010011Ιο0ιο 0110011101, 1110. 110111 10 11111 1ἶο0.

Minuta.

(Ludwig 11111. 10111011 0110110011, (100. 0111110 11111 1700. Ιί-
0010.) ·

143) 0000110010 1000011100, 11110. 11110 17 11011. 17001110
(0001110010 0011011, 11110. 1101171101. 1700. cop 10.)

144) Ugyanaz, ddo. ugyanott 1011011. 1700. 1110101. 2.
(0000110101011, 0110. 010001001101 10 11111. 1700. Co p 10, 001. 2.)

140)11110001, 010. 0310101120 11011. 17001110. 101. 2.
(Dessgleiehen, 110. 01000100110120 11111. 1700. 001110, 001. 2.)

140) 11111111 01001110 0000110010101, (1110. 1101001000 2011το

- 1700. Minuta, 101. 2.

(1101110010 001000110001100010, 11110. 7010111100 1011111 1700. 11-
1010, 001. 2.)

147) 0001110010 1011011100, 11110. 11110 27 11011. 1700. 1110.
(0001110010 0011011, 100. 11111 27 11111. 1700. C op 1 0.)

ssongrie 1100 011101. vol. 1101.

1) 1101010101 0001110010101, 000. 1010011100 21 1001. 17001111.
(001 111010101 111 0000110011, 110. 1010111100 21 1101101 1700. Minuta)

2) 0001110010 1001111100, 0110. 1111131110 1700. Mais.
(Desalleurs' 0011011, 100. 111113 11111 1700. Copia.)

3) 1111111 01001111 0000110001οι. ddo. 11100100 01101 1700
1110011101. 2.

 

