500

33) xlv. Lajos 0100111100 00001100001100, (1(10. 100107 101 1705.

110010, 101. 0.

(1001100130 xlv. 1001000000 nn 0000110000, ndo. 110107. 1011705. 111010,
[⁴⁸01. 0.)

34) 1001010100 00001100001100,(1(10. 001000110001000110011000.

(1100 Minister 00 0000110000, (1(10. 0100000011001 und 00 3101010001εο
1110010.)

35) 0000110000 0 0010101001οι, (1(10. 13010 211 1001 1705. ntis„
(0000110000 00 den Minister, 1100100100 25 Martii 1⁷05. (10010.)

30) Ugyanaz 01101101000010. 0000001100 0500001100. 1101012
(11000010οι0 (100 111010, (100010000010001010000000010. Cupie, Fon 2)

37) Ugyannz ugyannhhnz, ddo. tigrin 1 10011 17011. 1101012

(000001100010000110000110130101 10011 1705. Copia, noi. 2.)

38) 1100001000 (10 10. 0000110000 sur 100101 0000001 (100 anaim
de 110000011ος0οἀ (101οΡ0010, en 10011 170511110011000011000011.

30) 0000110000 XIV. hajoshoz, (1(10. Agrii 810011 1705110
Μ. ἱ(1100000000 001.0(101811111.,(1(10. 1301081011 1705. copie, 101. ’1)

40) 1 minister 00001100001000, (1(10. 1110οΙ0 14 101 1705. 110010.
(Der Minister 00 0000110000, (1(10. 1001) 11. 101 1705. 110010.)

11) 111011) 000001100001100 0100111001, (1(10. ngyannz. 1100101701. 3.

(1100111013 nn Donationis 000 110100ος, (1(10. wie oben. 110010, non. ἱ)

12)1)00011000 1011011100, (1(10. 10010 11 10011 1705110. 101. 2.
(80010101 0000110000, (1110. 10010 1110011 1705. Copia, nol. 2.)

43) Ugyanan (101013οἰ0 111 10011 1705. 11110.
(00003Ιοί0100, (1(10. 13010 1510011 1705. copi 0.)

44) Ugyanaz, (1(10. 13010 1810011 1705. 110101. 2.
(00000101010010010010 1810011 1705. Co pie. Foi. 2.)

45) 1110011ςὶ 01001110 00001100001100,(1(10. 1000011100 21010 1701.

Minuta, 101. 2.

(1100131. 100100011οο 00 0000110000, (1(10. 1000011100 niun 1805. 110010.
1101. 2.)

46) 000011000000010101001000. (1(10. 100102010111705. 1101011.
(0000110000 00 (100 11010100, (1(10. Agri· 2010011 1705. Cupie, 1201. 3.)

47) Ugyanaz xlv. Lnjoshoz, (1(10. 10010 2010011 1705. 1001012
(1100001100 00 Ludwig niv„ (1(10. 1301010 10011 1705. copie, noi. 2)

48) XIV. Lajos Desaltenrshez, (1(10. 100001110021010 1701110
(1001013110. 0000010100οε, (1(10. 1000011100 21010 1705. 1100 te.) ἢ

 

