564

7) 000011000011111101001000, 110. 00100010 23 octobre 1101

1110. 10. 00010.,101. 2.

(0000110000 00 0010101111, 110. 00100010 23 octobre 1701. 00010,
10000500, 1101. 2.)

8) 000101010101100 de 110. 10 001000 11111000 0110. 0000110000,
000110100οῐηο 10 Η11000 (010) 01000 lienes de 1000010 24 0001,

1104, 101. 1.
9) 0010011 10 10 0000000 saite 010 101100 precedente 000110.
000011000010 9 0010100 suivant, 101. 1.

10) 0001010100 101100 000110 00010 20010 10 00100010 0 110. 10
00010 1100010, 10 26 0010100 1701, 101. 1.

11) 0000110000001010100100,110.0010001211 001. memes. 1011.

(0000110000 en 100 Minister, 110. [1010001026 0010100 1701. 00010,
1101. 1.)

12) Ugyenaz 1000000οο0, 110. 0000οο11 0000001100. 1110

101. 1.

(00000110 00 Ludwig 11111, 110. 010010001101 vem selben Tage. Cupie
1101. 1.)

13) 11000000 0000001100, 1101000001οΒ Novembre 17⁰4.

1100. 101. 3.
(00000110 en 100001100, 110. 10000010 3 11000001. 1701. 00010, Fol. 3.)

11),00010 1010 101100101111000110000 00 010. 1100101, 110.
’100ιο0010 1 Novembre 1704.

11) 000101000101100 10 00. 11111000 000 110. 0000110000, 110.
10000010 4 Novembre 11114.

10) 110001100ιο XIV. bajoshoz, 110. ’1000000010 111 Decembre 1101.

1110. 101. 2.

(110001Ιο000 00 Ludwig x1v.‚ 110. ’10000010 10. December 1701. 00010,
1101. 2.)

17) 11111000 0000110000100, 110. 1100001 Νο0100001 121100000100
17111. ’1011110001 21100 0000001 111001101011001, 0 10000010 seged-

0000101010100111. 1110.

(11111000 en 0000110000, 110. 1000011100100001 1211000001οο 17111. Es
111101, dem ’1011101 2.(1110 11000100 0000010001100,11010 110 1000000100100
8010011100 010000001000 01000. 00010.)

18) 01001110 000011000100, 110. 110010 23 1000100 111111. Minuta

101. 7.
(1001000110011011000110000, 110. 1101023100. 11011. 1110010, 1101. 7.)

 

