563

(111111111111111,111111111111111111111 1111 1111111 0111111111 1111

111111111- 111 111311111111111111111 111111, 111.(1111111122. Aug. 1701. “

original, 11111. 8 pr. 1111 [111111111111 111 11111111 811311.)

111) 111111111111111111, 181111 11111111 811111111111111111

111, 1111111111 1111111, 11111111 111111111 11 1111111111011 1111.

(1111111111 1111811 111 111111 1111111 1111111 8111111111 111111-

1111 11111111 3111111111111 11111111, 111111 11111 3111111111111111111111111
schrift.)

Hongrie 1701117011. 111. 10,111.

1) 11111111 du 1111 pour 111111111111111111 11 81. 0111111111
1111111111 1118111111 11 1111111 11 111111, 011111111111 Ι’ 11111
1111111111 1181. bouis 111. 111111 11Η11ς111 11111111 11 11 11111111,
111. 1 11111 1703,11111111111.111. 28. Minuta.

2) 011111111 11111111111111. 111111111111. 1111111112811-

1111111 1701, 1111111111111 11111111111111111. 8111111, 111. 2.

(0111111111ο 11111111 11 1111113111, 111. 81111111 12 Septembre 1701,
1111111111 111111 11111111 111 1111111 1131111111 111111111111111. 011 gi·
111, 111. 2.)

3) Ugyanaz 111111111111111 11111111111, 111. 81111111 12 Sep-
1111111 1701, 1111111111113111 11111 11111111, 111. 1.

(1111111111111811111111 11 111 1111111111111 Minister, 1111131111
12 Septembre 17011111111 11111111101111111111. 0111 1111, 111. 1.)

1) Ugyanaz ugy'anahhoz, 111. 01131111 27 Septembre 1701.

11111111, 111. 1.
(0111111111111111111, 111. 1111311111 27 Septembre 1701. 01111111,
Ρ 11. 1.)

1) Ugyanaz ugyanahhoz, ddo. Belgrade 8 01111. 1701, 11
111111 1111111111111111111111111, 11111 1 8111111111 1111111111 111-

1111111. 81111111111111, 111. 1.

(11111111111111111111, 111. 1111111111 8 0111111 1701, 1111 111 1111
11111111 111111111111181111111111111111111111111111111118111111 111111111-
11101111111111131111 mit 01111111, 1111. 1.)

11) 111111γί 811111011111111111, 111. 81111111 Ujfalu 17 011.
1701, 1113111111111111111111111311. 1111. 1111111111. fol. 1. 11101111

11. 11111111.

(1111111111111111 11 0111111111, 111. 11111111 1111111 17. 0111111
1701. 1111111111 11111111 1111 1111111. copie, 111111. Spu, 111. 1, 11111
1111 111111111111 0111111111.)

36’

 

