. (Konigliehe Weisung 111 0111111111, (111. 1111111111 ,1¹² 11111 ¹1⁰⁸.
Minuto‚1‘ol.2.)

12) 0111111111 1111111111, cido. 7 Mart. 1708. ms. 111. 3.
(111111110111111111’,1111.711111 1708. copie, 1111. 3.)

13) Α minister 01111111111111, 1111. 1111111911111 1708. 1111.
([11111111111111 0111111111, (ido. Marly 10 11111 1708. lina 11.)
11) 11111111 11111111 01111111111111, (111. 111111 26 1111117011.

Minuta, foi. 11.

(1111111111 17111113 1711 0111111111, (ido. 1111112611111 1708. liuto.
1¹01. 3.)

λ111) Ugyanaz, ddo. Marly 10 1111 1708.1111.,1“11. 1.

(011131111111, (1111. 111111 10. 1111 1708. Minu 11, 1111. 1.)
16) 011111111111. 1’11111111111111111111,1111.111112711111 1708.

17) 0111111111 1 ministeria, ddo. 0111111120 11111 1708. 11111.

fol. 2.
(011111111111 11111 liniator, 1111. 1111111119 11111 1701101111, 1³01, 2.)

18) 011111111111111111,(11111111101111111708. 1111. 1112.
(0111111111 1111 111113, 81111111 Datum 1701101111, 111. 2.)

19 11111111 11111111 01111111111111, (1111111111311111708. munta

111. 2.

(11113111 111111 mr 11111111, ido. 1111111111. mnu.
111. 2.)

20) [1111111111 1111111111, (111. 011111111 11111 1708. 11111. 1113.
(Β11111110111111111’,(1(11. 0111111111 11111 1708. 01111, 1111. 3.)

“ 21) 11111111 Tomy Marquishoz‚ ddo. 1111111111114111111708
11111111. 11111111111111 levi 11113111113111111111111311 111111
111111111111.

(11111111111111111171111, 11111. 1111111111 11 111111708. Origini

0111111111 1111 1111111111 111111 hembgokommonon 11111111 (111 Beuum
111 1111111111.)

22) 0111111111 a 11111111111, 11111. 01111111 1 11111 1708 1111

111.1 . .
(1111111111111 don 111111111, 11111. 01111111 111111 1708 Cupie, Foi. ¹4.)

23)Κ1111111111111101111111111111, (1111. 1111111111 1708. Minuta

1111. 2.

F Ι (1161111Ιί111 Weisung 11111111111111, ddo. 7111111111 181111 1708. nimo.
1. 2.)

 

