881

81118011111, John. 11, 181. 281.
218. 211. 218. 888.

8111111118, 11011101. 1, 81. 181.
281.

81111 801 71111101, 1. 188.
8111111010, 11011101. 11, 181.
881111011011.1,211.
81111111111,1111.1, 182. 181.
81111111101, 1111111111. 11, 287.
8111111101.1,858.

81010 und Berg. ΙΙ,22. 21. 5811.
clinchamp, 8111. ΙΙ, 151152.

cloud, St. 11, 527.

8081011. 1, 81.
colbert, Minister. 1, 87. 178. 281.

80 10011, 8118110101 101. 11, 111. 158.
527.

8010103101, 118228..

801118, 11111. 11, 288. 585.

8011880111101,οι111110110.1,888.
80111111110101. 1, 1158788188.

188188. 118. 118. 152187. 178.
188. 188. 288. 288. 212. 288. 828.
881. 882. 815. 518. 8118818588.

-- 11, 1. 7. 8. 15. 78. 87. 111. 185.
212. 288. 288. 515. 581. 588. m.
118. 111. 118118. 158. 185188.
551.

80111,Ρ1111.8.80181’.

8010, 80111111. 11, 221.

8011111, ,1011111118 11110. 11, 285. 511.
525. 585.

8011011108. 11, 111.

801101. 1, 21. 18. 882.

8111111,8011111.1,118.

- 11, 1. 2. 8. 88.
81011111. ΙΙ, 151. 288. 878. 118.

188.

8101111,11111101. 88101101.

8101111,11011101. 11, 171.

81110, 11011101. 11, 88. 81.

81111, 8111101. 1, 885.

-11,155.

811101, 8101. 1111.

81110,1811110110.Ι, 18.

8111 von Russland. 1, 27. 28. 88. 51.
52. 88. 51. 85. 81. 85. 87. 88.
88. 78. 71. 72. 71. 75. 78. 77. 78.
78. 88. 81. 82. 81. 88. 155. 118.
118. 187188. 188. 171. 172. 171.

175.178.177.188. 181. 182 188.
1811811187. 188. 188. 188. 181.
281. 282. 288. 281. 288. 288. 287.
218. 211. 212. 218. 211. 215. 218
217. 218. 221. 228. 288. 287. 288.
258. 218. 211. 218. 211. 217. 218.
288. 287. 288. 288. 888. 881. m
887. 888. 888. 818. 511. 812. 818.
111. 11111111. 111. 111 m.
815. 818. 817. 818. 818. 888. 881.
882. 885. 881.

-11, 1. 2. 8. 7. 8. 8. 18. 11. 11.
88. 78. 71. 72. 71. 75. 78. 78
88. 81. 82. 81. 85. 88 88. 88. 81.
82. 88. 88. 88. 188. 187. 188. 118.
117. 118. 121. 122121. 128. 188
111. 111. 111. 111 m. 111. 111
117158151158 188. 188. 181.
181. 187178. 171. 188. 188. 187.
288. 288287. 288. 218. 212 218.
218. 217. 228. 221. 222. 221. 227.
228. 281. 112. 258. 287. 271. 278.
288. 282. 287. 288. 288. 887. 828
au. 851118121. 121. 511. 818.
518. 528. 521. 585. 588.

ουτω-11111118, 121.

81110011108.1,211.

8111111. 87111111.

8111111111.11,11.

81111115, 8111.11,282.

81101111.11,88.11.882. 882.

1111011111, 1101101. 11, 8.

88111111, 11111111. 1, 88. 188.
285. 288. 888. 858.

-11,21.2281.18.828. 882.

88101111, 511111101 1011, 118118.

81101. Ι, 828. 881. 888.

-11,888.882.178.

8111108171111101. 1, 815.

1111113. 1, 81. 88. 85881111

88181188. 187. 188. 188. 111.
111. 115. 118. 128. 121. 128. 1³&
112. 188. 188. 218. 215. 218. 218.
228. 222. 218. 251. 258. 257. 252
272. 278. 271. 275. 278. 818. 817.
828. 821. 825. 828. 888. 818 818.
851. 858. 881. 888.

- 11, 2. 12. 18. 28. 88. 87. 18. M
151118118158. 228. 288. 211.
211. 2582582111. 287. 272. 277

 

