021

(versuum 00 1100000001, 110. manee 2⁰ 11000 1711. 00131001.
11300110113)

11) 1001001110 plusieurs lettres 10 301000 11111003 depuis 000
10300110 10 100000 pour le Terquie 00 1717-1720.

10) 11116003 0010000 1000003 100010301100, 110. 11010010
11 1001 1721. 1001. 00111110121011.)

(11116003 0010011030οῑοο Herzog 000 0010000, 110. 1101001031 1001
1721. 00131001.1130011011310121011.)

17) 0300000101100000 0003010100, 110. 03000011 1 Septemb.
1721. 1001011001111.

(00000110 00 100 11000010 101100000110. 110010001101 1 Septemb. 1721. ,
00131001. 11300110113.)

18) 0111003100000001 [101010 1001100100, 110. 1100001001
1721. 1001. 001111. Folio 1. 1010011, hegy 0000010000013100 000310-
10001110 1101010 00033.

(Frena Rekdezy'e Gemehlie 00 cardinal 1101010, 110. 1100001 00101. 1721.
0013100111300110113.101.181000131110000,10000101010001001010030-
10000000 001 001 0001 10010 3010.)

19) 0111003100000000101010011011100, 110. 11010010 21 100.
1722. 1000100010100 egy memeire 11111οη 10130100 01000. 11101
0001011 nem 00111110. 101. 1110 4⁰.

(1000011111οι) 00 00011001001010, 110. 11010010 2111000100 1722. 1030·
1131 ein 11000100 110011160001103010300101100.1110000131001. 111011
01300110113.101.111010.)

20) 0330000 0010000 1000003 100010001100, 110. 11010010
2111011 1722. 1001011001111. 101. 11 1011.

(00000110 00 100 10300100 Herzog 000 0010000, 110. 11010010 21. 1101
1722. 00131001. 11300110113. 101. 111010.)

21) Ugyenaz valemelyik 10000010 11010000030000000100, 110.
11010010 221000. 1723. 1001011 001111. eol. 3.

(00000110 00 0100 1001311010 1010000010 ven 1000100101, 110. 11010010
22 saevior 1723. 00131001. 11300100113. eol. 3.)

22) 0330000 0330001100. 110. (11010010 1723) 1001. 001111.
(00000110 00 11000110110. (11010010 1723). 00131001. 11300110113.)

 

