601

(0001011010 1001000000 Bastitania, 000. 1010011100 10 10111101 1700.
M 10010.)

81) 0000110010 1000011100, 000. 10101 6 000. 1708. 1110. 101. 3.

(Βο1101110010110010’,000. Patala 0 11000011). 1708. 00010, 001. 3.)

82) 11111101 01001110 000011000100, 000. 1010011100 311001101

1709. Minuta, 101. 2.
(110013Ιί0110 01010000 fiir 0000110010, 000. 0010011100 31 1001101 1700.
Minuta, 001. 2.)

83) A 01010101000000111100, 000. 00101000. Minuta.

(001 Minister 00 000001100, 000. eodem, Minuta.)

84) 1100000010 1000011100, 000. Patala 13000. 1708. 1010, 101. 2.
(00110111 0000110010, 000. 00101 13 0000011). 1708. 00010, 001. 2.)

85) 11111101 01001110 00001100101101, 000. 1101107 0011. 1700.

Minuta.
(Kaniglieha 7101000000 0000110010, ddo. 110110 7 0011. 1700. Mi 0 010.)

86) 0000110010 1000011100, 00027 00000111. 170000011110101

1708. 1010. 101. 3.
(001101110000110010’,000.271100.1700000111001011708. 00010, 001. 3.)

{tongi-ie 01 ’1100011100ἰο 1708800010101101. 11.

1)000100010101110 011 01. 1111100101 101. 0011001100, 000.
3 1001101 1708. 101. 6.

2)1)00011001·01001011100, 000. 11 1001. 17001010101. 01010.
101. 2 (010).

(00110111 0000110010, 000. 11 1001. 1708. 00010, 001. 1.)

3) 11110010 xlv. hajashaz‚ 000. 00000110 11 10011011708.

urea. nem sajdtkeztt.
(Rtkdauy an Ludwig xlv.. dda. 0110001ἱο aa 1101. 1708. 01101001,
nieht aignnhdndig.)

1) 00010 d'una 101110 00 01. attanay 1 101. 0011011όο, ddn.
Neuhauset 21 1001101 1708. 001100000111100. 1110.

a) Extrait 0010 101110 00 Ρ1. 11110010 1 111. 00 0011101, 000.
00101010011101 1708. 1001 00010 0011101. ’

8) 101110 00 Ρ1. 11110000 0111. 10000110 001001000, 0001101010
1110011101 1708. 1110. 101. 8.

7)0010111011111. 10 1100. 00 Tomy, dda. Paria 16 0011.
1708. 0100011.

 

