101

70) 11111111111111111111, 111. 1111111131 01111. 1701. 1111.
(1111111111111111111, 111. 1111111131 01111. 1701. Cep i 1) ,

71) 111111111111111111111111, 111. 31 0111111 1701. 1111.
(111111111111110111111111, 111. 31 01111. 1701. Cupie.)

72) [1111111111 1111111111, 111111111111111. 1701. 1111. 111. 1.
(1111111111Ι 11111111, 111. 11111111 1 11111111. 1701. Cepis, 1111. 1.)
73) 11111111 11111111 1111111111111, 111. 1111111111 1 1111. 1710.

Minuta, 111. 2.

(11111111Ῑῖ1 νζοὶωης 1111 1111111111, 111. 1111111111 11111111 1710.
Minuts, 0.2.

71) 1111111111 1111111111, 111. 11111111 11 1111111111 1701.

Mes. 111. 2.
(1111111111111111111, 111. 11111111 11 11111111. 1701. 01111, 1111. 2.)

75)111111111111 1111111111, 111. Paris 1111111111. 1701.

11111111, 111. 1.
(1111111111111111111111 1111111, 111. Paris 11 1111111111 1701.
011111111111.)

76)11111111111 1111111111, 111. 11111111 2011111111 1701.

1111111. 3.
(1111111111111111111, 111 111111112011111111. 1700. Cepis, 111. 1.)

77) 11111111 11111111 11111111111111. 111. 1111111111 1111111111

1710. Minuta, 111. 2.

(1111111111 Weisung 111 1111111111, 111. 1111111111 it 1111111 1710.
Minute, 11111.)

78) copie 11 deux lettres 1111111 11 1111111123 Novemhre 11
11 11111111111701, 111. 11 Marquis 11 ’11111 (Minister), sel. 3.

71) 11111111 111111111111111111111, 111. 3011111111110. Minuta,

1. 2.
f⁰ (Kfinigtiehs Weisung 1111 1111111111, 1111301111. 1710.1111111,1“11.1.)

80) 1111111 1 ministerhez, 111. Paris 12 Decembre 1701. 11111.
(Mettis sn 111111111111, 111. 1111121111111. 1701. 01131111.)

81) 11111111111111111111111, Serigni 18 11111111. 17011111.

111. 2.
(1111111111 11 111 Minister, 111. serigni 181111. 1701. Cepis, Fet. 2.)

82) Ugyanez 111111111. 111. ugyanott 11 1111111. 1111. 111. 1.
(naasthan 1111111111. ebendsselbt und gleichzeitig. Cepis, 1“ 11. 1.)

81) 11111111, 111. Μ111111 31 11111111. 1701. 1111. 111. 2.

(Dessglsiehen, 111. 11111111 111 11111111. 1701. 111 pie, 1111. 3.)
11111111. n. 11. 1111. 31

 

