592

80) Extractus literarum principis Rikiuzy. 116. 16 Augusti 1706.
1116666311 kene.

81) Lettre tres importante 16 Bar. 16 1161666166, 116. 1166661616
23 August. 1706. 8661. snjitlr.. 161. 1 16 4⁰.

82) Extractus 1116666666 principis 11111666 61 [6116161116
116. 26 8661. 61606161. 1706. 16116666111666.

83)01611166160666661666166616116, 116. 15 06161. 1706. 11616-
666611 1666, 161. 2.

84) 06616 literarum 06336616 12 06161. 1706. 111661606161.
1706, 61 06611666 13 Nur.. quantum 66 6661616616 qui 1611 ipse 11661-
666311 scriptura 66161 61 6666 ipsum 1611666611666 daturum, 161. 2.

86) 06616 163 lettres, 116. 86616616 13 Nor.. Hatran 171166.
63661163 666116. 0666116666 6 116. 16 16661611 06661661166616, 161. 2.
6. u. Ferriol.

86) 066161616161166 16 661666 11116661 116. 16 11666161. 116.
16 06166 16 Gyttngytts 11666666. 1706, 6. 61666161, 161. 8.

87) Ugyunuz, 116. 06666 16 Η61666 18 Nou. 1706. 6. 61666161.

(066661616166, 116. 06666161161666 1811666661. 1706, 6. 61666161.)

88) Du vetus 6116166666661616 ’16666 6161616616 661 ur
Franne, 116. 11666 18 06161). 1706.

Δ 89) 06616 1666 161166, 116. Τ1166 28 Ν66.1706.

90) Le ministre nMr. 16 1161116116. 066661116630666661. 1706.
Minuta.

91) 06161116661616166166, 116. 11666 2 venenu. 1706.

(De 161116 66 dnn Minister, 116. 11666 2 066 1706.)

92) Ugynnan ugyunahhon, 116. 66666611 8 usnemu. 1706.
(0666616666166661666,116. 666616361661 3. Decumi. 1706.)

· 08) 066161616 1611661666. 1111666616161116, 116. 16 Det„
1706, 161. 2.

94) 1111666111166166166, 116. 11666666 18 06666616. 1706.

11661611 6611116666.

(urrunnu 66161616 xlv„ 116. 116666661811666661. 1706. origi 661.
Eigunhundig.)

95) 06616 166 lettres 16 66. 111116666116. 161666161116.
1166666 16 18 0666661). 1706 6116 26 1666.1707,6.6.1666161.161. 2

 

