666

216. 211. 222. 224. 227. 287. 288.
301. 320. 328. 354. 383. 380. 468.

211. 242. 224. 253. 283. 280. 282
327. 335. 386 304 413 445 518

424. 425. 430. 484. 486400. 535. Ι 01111111, 416111 von. 4. 13. 18. 18.

Palen, 4411111 von. 4, 83. 88. 78. 86. 80.
140. 205. 206. 207. 304. 342.

- 44, 408. 160.

Polou, 44111-111111-611111411 von. ΙΙ,
408. 400.

011111181111. 1, 111. 111, 111111.

253. 278.

- 41, 221. 275, 277. 278. 287. 204. 208.
207. 303. 305. 308. 307. 316. 322.
326, 334. 336. 342. 343. 344. 346.
348. 350. 353. 355. 357. 350. 363.
367. 368. 360. 372. 373. 374. 375.
377. 384. 388. 300. 303. 304. 305.
300. 400. 404. 402. 406. 413. 444.
445. 447. 418. 424. 422.

0111111, nris-dier. Ι, 345.
01411111, 1411111. 41, 450.
0111111111. 4,30.

- 44, 8. 83. 82. 84. 434. 470. 208. 334.

344 380. 447.
0111111111,01·1111111. 44, 278. 280. 302.
0111 1414111. 44, 313. 378. 413.
01111514Ιο.44,324.
011113141431.

- 41, 52. 225. 305. 335. 424.
01111310416113111. 41, 444.
01141311111. Ι, 432.

- 44, 225.

01111. 44, 22. 488.
01111, 01414111 von. 4, 421. 463. 320.

- 44, 38. 482.

0111111 11114413. 44, 28. 83.
01111411. 8411111, 0141111 von.
0111114111. 41,205.

0113. 44, 425.
0111111113. 4, 36. 07. 405. 227. 208.

315. 322.

-14, 54. 58. 58. 430. 154. 488. 108.
354. 356. 363. 387. 374. 388. 444.
480. 508.

01111 b u r g, Reiehstng 11. 4, 232. 355.

300.

- 44, 80. 08. 426. 337. 538.
0111111111. 4,343. 382.

- 44, 40. 24. 36. 38. 30. 40. 42. 40. 70.

84. 82. 01. 404. 106. 107. 434. 433.

140. 165. 466. 187. 408. 172177.

10. 28. 34. 64. 130. 180. 170. 214
254. 264. 282. 335.

- ΙΙ, 2. 3. 4. 5. 6. 8010114448.
50. 51. 52. 80. 83. 84. 70. 74.72.78.
78. 86. 88. 04. 02. 400. 410. 112
448. 417. 120. 122 428. 445. 481.
157. 460. 168. 187. 468. 170. 473
478. 180. 400. 265. 207. 241. m.
247. 254. 260. 267. 282. 207. 372
370. 380. 381. 302. 408. 535.

01111111,01·111111.44,3.

0115, 4411111111. 41288.

0111111111, 1111151111411. 41, 822.
525.

Prior, 11111. 4,253.

- 44, 44. 422. 430. 431.

011111111111. 0354.

- 44, 237254. 255. 258. 257. 258. 288.
278. 284. 203. 208. 207. 302 384.
305. 308. 321. 323. 325. 327. 374.
388. 402. 424. 431. 442.

011111111111111113111. 11,4.

0111114111111181151111111311. 14,4.

011111111111141101111111. mv,

0111114111111411011111111. 44,82.

0114111111111411 8181141. 14, 4. 8. 8
85. 87.

0114111111111111.44,5.

01411111, 8114181611. 4, 148. 148.
480. 170.

0111111411, 41111111. 14, 388.

0111110111,111η1ς. 44, 44.

01111111. ΙΙ, 376. 305. 414.

441111. 41, 444.

4411111. 1, 338.

4414111111, 61111, (1111114. 4, 3. m.
317. 303.

- ΙΙ, 454. 300. 478. 470.

Baby, 1111. 4, 252. 253. 254.

.. 14, 5. 0. 8. 0. 40. 2022. 23. tm
40. 44. 42, 44. 84. 85. 403. 118. 428.
423. 447. 148. 151. 182. m 184.
185. 468. 160. 483184108. 104.
207. 200. 240.

411141. 4, 18.

1111411. Ι, 48. 284. 804. mmm·
374. 382.

 

