573

121) 1111111 11111111 1111111111111, (1111. 1111111111 411111. 1706.
1111111111. 2.

(111113Ιί111 Weisung 1111111101111, 1111. 1111111111 11111101. 11 11111,
1 o 1. 2.)

126) 0111111111 1111111111, ddo. 111111111 23 1111111 1706.
Μέ81112111121111 1111111, 111. 111111111 23 11111111706. copie, 111. 2.)

127) Ugyanaz, 111. 111111111 3011111111 1706. 1111. 111. 4.
(011131111111, 1111. 111111111 3011111111 1706. Copia, 111. 1.)

128) 11111111 11111111 1111101111111, 111. 11111111111211111.

1706. Minuta, 111. 3.

(1111131111 11111111 fiir 0111111111, (1111. 1111111111 12 11111 1706.
1111111111. 3.)

129) 01111111111111111111, 111. 111111111 31111111 1706. 1111.

111. 2.
(1111111111111111111, 1111. 1111111111 3 1111. 1706. copi 1, 111. 2.)

130) Ugyanaz 111111111111, ddo. 101111. 1706. Mis. 111. 2.
(11113111111111111111111111,111. 101111. 1706. 01 pio, 111. 2.)

131) 1111111111111Η11311111111111111 11111111 11111111 11

11111111111111111111, 11111111 11 111111 111 111. 0111111111 1· 11
1706111. 1.

132) 0111111111 1116111111, 111. 111111111 13 1111111. 1706.

11111. 111. 3.
(1111111111111111111, 1111. 1111111111 131111. 1706. copie, 111. 3.)

133) 11311111,1111111110171111. 1706. 1111. 111. 3.
(111111111111, 1111. 111111111111 11 1111.Ι 1701. Cupie, 111. 3.)

131) 11111111 111111111111111111111,11111111111112111111. 1706.

111 ,111 3.
Μ 1161131111 11111113 11 0111111111, (111. 1111111111 2511111. 1701. 1111111,
111. 3.)

135) 0111111111 1111111111111. 261111. 111111 17011111. 111. 2.
(0111111111 11111111, (1111. Agria 11111111 1706. Cop 1 1, 111. 2.)

136) Ugyanaz, ddo. ugyanott 3111111 17061111. 111. 2.
(1111131111111, ddo. 11111111111131111111·1706. copie, 111. 2.)

137) Ugyanaz 11111111111111.011. ugyanott 3 Martii 17011. Mis.
(Desagieiehen 11 111 1111111111, (1111. 111111111111311111. 1706. Copi 1.)

 

