008

011111101410111).11,10.11.10.07.100.
011111, 0111. 11,110.111.110. 110141.

0001144140144. 100. 100.
111111111411, 004.

1111111111, 11111. 1, 00. 007.

11111411111111. 1, 07.

(1111111, nbc. 11410. 401. 404.

111111, 0131111411, 400.

(11101111.11,000.400.

0111111111111111111 vereinigten 1111-
01111101. 1, 00. 017. 000. 000.

- 11, 4. 0. 7. 0. 0. 41. 11. 17. 10. 00.
00. 70. 00. 00. 101. 100110. 100.
404. 100. 001. 107110110. 117.
110. 110. 101. 107.141.140.140.
100. 104. 100. 101. 104. 100. 171.

Ι 170. 104. 100. 007. 011. 010. 040.
071. 070. 000. 000. 400. 400. 400.
400. 410. 411. 411. 444. 414.

11111,1,04.110.

- 11, 000. 407. 417.

01. 0111311, 0111111111. 11, 011. 011.

01. 0111111111. Ι, 07.

11111111. 11, 140170.
(11111110111113.1,401.101.Ἀ7.
- ΙΙ, 101. 170170. 004. 000. 040.
011110111,11111111111, 11 1411141111-

11111. 1. 100. 100. 4110100110.

1111111111,11111111111,11111111111110.

1111111111. 11, 010. 070.

11111111,111111.111111111.11, 100. 174.
100. 004. 100. 040. 007. 070. 000.
004. 000. 007. 000. 400.

1111111111,1.1111.11,44.47.100.100.

G 11111111, 1111111111, 14111111. 1, 00.
100. 100. 101. 101. 1001014111.
110. 111. 144. 040. 040.

-11,111.107.

1111111111,οη1111111111.1000014040.

01111, 01111111. 11, 01. 01. 00. 110.

Gorgen, 0111111. 11, 470ἱ

111111. 11, 000.

111111. 1, 010.

-11,400.470.

111111, 01111. 11, 107.

(111111. l, 104. 407.

1111111111. 11, 101. 014.

011111111111.11.00.

0111111111,1111110111111. 11. 401. 2
1 1111111111,11111101111.Ι,17010480.

0111111111. 1. 100000.

(11111111. 11, 010. 010.
11111111. Ι,110.
11111111, 11111. 1, 114170.

-11,000.

111111-1711114111111011.. 0011-
1111111.

1111111111.11,004.000.000000.000.
040.

111111-1111141111.1’1111. &Sti-
1111111.

111111-111111411111. 0. 0111111111

(11111111111141, 411. 8111111111-
1111.
011111111111111111,ρ111111111α.
11, 401. 104. 101. 404.
111111411111. 1, 140.
-11,100.000.
111111111111.1,114
-11,000.407.
0111114111.11,410.
01113111,01111111.1,010.
1110113101. 11110.
-11,441.471.
(111111, 0111111111. 11, 00.
ling. 1, 101. 000. 007.
- ΙΙ,0.0. 0.0. 4410. 10. 11. 10. 00.
40. 41. 44. 40. 00. 01. 00. 00. 01.
00. 100. 100. 104. 100. 100. 110. 114.
410. 140. 400. 100100. 170. 171.
184. 100. 101. 100104. 107. 114
140. 140. 140. 100100104101
100. 170. 070. 170. 100. 100. 101.
107. 000. 000. 000. 007. 010 017.
010. 010. 000. 001. 000041 044.
047. 040. 004. 000. 000. m 074,
070. 070. 001. 000. 004. 000. 107.
000. 000. 000. 000. 400. 404. 441
400. 407. 400. 410. 411. 411. 411
447. 410. 414.

111111, 411. 1111111. 11, 104. 114. 110.

01111111. 11, 70. 410.

1111111111.1,00.110.140.140,101
000. 000.

-·· 11, 11, 70. 04. 100. 000.
1111111-14111111111.0111101111111.
111111111111111,100.

1111111 (numiam). ΙΙ, 417.
1111111111.11,11. 10170. 100100.
101. 017. 000. 000. 010. 010.

 

