602

8)81111111111111111111, nido. 81111 21 81111111708. M.

(0111118111011111111111, 1111. 1111121 8111111 1708. 01111111.)

9) 01111 d' 111 lettre (11111. de Vette's 111 pr. 11111111, 1111.
26 8111111· 1708. 811. 8.

10) 811111111111111111, ddo. Paris 29 81111111708. 811. 2
(0111118111 1111111111, 111. Paris 208111. 1768. 1111. 2)

11) 8111111011111111111111,(1111. 8111111111 201111) 1708. 81111111

111111 1111111111.

(11111111 111 8111111111, ddo. Szerenes 20 (sie) 1708 01111111. nieht
eigenhfindig.)

12) 1111111111 XIV. hajoshoz‚ (1111. 811111112011111 1708. Ereti

111111 1111111111.

(1111116111 1111111111 nv. 1111. 8111111111 20 111111 1708. 01111111111111
11111111111.)

18) 11111111 (11 11 111111 du pr. 11116111 111 81. 8111111111 pour
1111 1 81111111, 11111. 11111 20 1111 1707, 11111111111111 ddo. 811-

11101 7 111111 1708111110111118111111.

1411111111 81111111111101. 81111111111111 21 11111 1708.

Minuta. Bis.
(Ludwig 1111111111111111,111.1111111111111111111111. minute, bis.)
18)111’11111171111111111111111 81111111 Andrus 8111111111111111
1111111, 11111 11111111 1111111111 jovis 111101111111111111111
8111111111112011111 170011611111111 8111111111 princeps, Paulus
811111, 81111181111111. 11111111 11111 0111111122 011111. 1710. sign
11111. christoph. 8111111118 S. R. 1111111 Polou. 111111111111111110·

111111111111111111111. 811. 2111 4⁰.

(1111161111 7111111111 1111· Andreas 8111111111, 81111111111111181111111,111
8811111111 (11111111 1111111111111111 11111 111111111ηά11 Subsidiengelder. natu
’1111120 1111 1700. [11111111111111111 81111111111111111111, 11111111 1111111, Caput
8111111111. 81111111111 1111111111. 1111111111 22 01111. 17101111111ωι
0111111111. 8111111118. 8. 1111111111 811111. anth. 1111111111 publicus junna
8111111 11111111. 811. 2 11111.)

16) 8111111111 811111111111111.111111181111111181111 udm- ¹
1111 11111811111111111,11111. 811111110111111 1708. 81111111. 1 11111

(0111111111 111 8111111111, 8111111111 1111111111 xlv. 111 1111111111111 [lofe.
1111111111 11 8111111, (11118111111181111111708. 0111111111, 811. 1 111 4⁰.)

17)1111161111111. Lajoshoz‚ ddo. du Campa 2 lienes (11 1111111
1711111111 1708. 8111111111 1111111111 111111111181. 111111 11111
111111111111111. 81111. nem 11111111, 111. 2111 11.

 

