653

mmmmmmm
Ι mmmmmmm
mmmmmmm
mmmmmmm
mmmmmmmm.
mmmmmmm

mfflwmmmmml
mm ,
301100, 11010011 0011. 1, 7. 10. 31. 82. 1
owmmmmwm
mmmmmmm.

128. 137. 110. 132. 222. 213. 321.

328. 330. 333. 333. 357.

- 11, 2. 138. 153.

301111, 11111. 11, 12. 233. 235. 211.
218. 250. 281. 233. 271. 278. 233.
235. 300. 307. 312. 315. 321.

3011111001, Hert. 1, 31. 38. 103. 101.
103. 103. 112. 113.111.115. 118.

3010111, 11111. 1, 100. 101. 101. 107.
108103112.

30111110001.1,113.
3010110101.11,133.

30110111, 301011. 11, 250.
3011011010. 1215213252.

- 11, 213. 330. 335111.

30011001, 11011011οΙ1. 1, 113117.

30 01031101· 8011311. 11,131.
30011100,111111.1,70.

- 11, 251.
3001ς,81·01.1,118.
30110,11111.11,11.15.13.
31030111.1,2.32.

- 11, 22. 35. 101. 113. 118. 170175.
385107.

3100300501ς.11,3.82.352,
3100800501κ,11111181110001237.

' 238.

-11,230.331.
310080030131101107100000. 11, 3.
311001010010.11,11.515.
310110, 310111. 11, 31. 32.

31001011, 31110111010.11,332.

31101101, 111111. 1, 133. 181. 211. 228.

283. 235. 238. 211. 255. 253. 253.
270. 272. 273. 275. 273. 277Ι 278.
273. 313. 350. 352. 380.

-Μο000οΜοΜ

135. 133. 133. 110.112.113. 117.
153. 152. 158. 1811111171. 172.
178. 177. 181. 181. 130. 213. 253.

251. 258. 253. 230. 233. 231. 235.

238. 233. 270. 271. 271. 275. 278.
280. 283. 288. 283. 230. 231. 237.
301. 303. 301. 305. 333. 307. 311.

817. 325. 323. 331. 333. 331. 335.

131. 138. 500. 527. 528.

3111101, 3110101000. 1, 252. 253.

- 11,11.203. 252. 253. 233. 237. 230.
273. 323. 335. 313. 311. 352. 355.
335. 387. 333. 371. 372. 371. 375.
382. 385. 121. ’

313321. 1,31.120.·

3131101. 1,23.10.12.13.11. 15. 72.
237. 313. 313. 330. 373. 375. 378.

- 11, 23. 21. 11. 12. 112. 111.

3111101111,11111. 11, 3. 7. 811. 33.
38. 73, 71. 77. 83. 88. 83. 33. 31.
07. 08. 103101. 102. 103. 133. 103.
113. 111. 115. 113125137151.
182. 183. 131. 278. 321. 381. 380.
388103.

11011101.11,181.

111ιί 1, 11011 0011. 11, 213. 221. 228. 231.
238. 211. 213. 282. 323. 330. 311. 382.

30111011,110111011.8.3011.

311111, 10111110. 11, 153.

3111101111, 1101103100. 1, 30. 30. 31,
138.

801111. 1, 113. 183.

801011. 11, 213. 231. 132.

8010010. 88010010.

80011101. 11, 501. 503. 512. 515. 523.
533. 510.

8011111101, 311130101100. 11, 501.

mmmm '

8010111, 81111101. 11, 58. 153.

1101110011, 11111 von. 11, 5. 28. 21. 25.
11. 12. 11. 18. 100. 132. 103. 110.
111.113. 115. 117. 118.

801101, 10100111, 508.

801101111, 1111011011, 178.

- 11, 57. 58. 288. 271.

8110011, 11011· von. 11, 351. 357. 372.
mm “

80110, 11011100. 11, 321.

8011111111. 311011111011.

8010100110.1,213.

-11,131. 225. 313. 110. 113. 123.

81011101 11,131.

 

