711111. 1, 4. 9. 10.24. 288. 208. 808. 888.

- 11, 80. 77. 188100. 882. 480. 480.
482. 480.

711111110111113. 11,27.20.48. 88. 802.

1131111, (11111111 111. 1, 180.

’ 111111. ΙΙ, 20. 107. 128. 188. 188.

11111111. Ι, 170. 182.

- 11, 20. 181. 280. 810.

11111118, 81111111. 1, 147.

1113111, 118113 111. Ι, 18. 10. 28. 44.
70. 800.

11131111, 011111111111. 11, 4.

1113141. 1, 80. 218. 222. 208. 888.

- 11, 0. 181. 188. 170. 182. 487.

11111111, 111111. 1. 177. 181.

- 11, 8. 88. 108. 107. 180. 188. 184.

11111111 1, 282. 288. 288. 280. 270.

- 11, 11. 12. 244. 280. 284. 280. 281.
288. 284. 288. 287. 288280. 278.
277. 278. 270. 280, 282. 288. 284.
288. 287. 200. 202. 204. 208. 208.
208. 801. 808. 814. 818. 810. 820.
821. 828. 828. 880. 888. 888. 841.
848. 847. 848. 882. 888. 887. 888.
880. 880. 801. 888. 807. 888. 880.
872. 878. 874. 870. 882. 888. 888.
888. 887. 880. 801. 808. 808. 808.

400. 408. 408. 408. 400. 412. 418, .

418. 428. 428. 428. 420. 480. 482.
804. 814. 827. 888. 887. 840. 848.

844.
811111111, 1111111111, 1, 188. 188. ’

- 11, 270. 271. 278. 888. 870. 400. 884. Ι

0181111,11111111 81. 11. 288.
0181111. 11, 80. 01.

01111111.1, 84. 887.

011111, 11181111111111 81. ΙΙ, 801. 828.
011118 (1111111811 11. 11, 888.
01111111.1,188.188.

011. 11, 181.

01181111, Herzog. 1, 82. 888.

- 11, 21. 170.

01111813.1,28.140.

- 11, 4. 18. 14. 21. 40. 118. 201. 887.
888. 087. 880. 871. 878. 878. 877.
878. 888. 880. 478.

0111111111.1,211.

- 11, 4. 170. 880.

011111111, 142. 888.
011811, 0111. 11, 888.

01111111.11,180.180.

01111131111. 11, 482.

011311,11.11,888.

01111, (1111 1,11, 872. 880.

0111111111.1,40.04.182188288.
2811201882.

- 11, 278. 870. 420. 888.

01111, 1118111111 8811111181 1.1, 14.
21. 84. 88. 40. 84. 80. 08. 08. 148.
144. 178. 178 104. 108. 287. 281.
282. 280. 287. 288.’ 280. 201. 202.
208. 208. 207. 804. 814. 818. 817.
828. 824. 828. 828. 827. 880. 884.
880. 840. 840. 884. 888. 887. 880.
888. 801888. 802. 808.

- 11, 4. 8. 18. 17. 04. 174. 248. 270. 271.
280. 884. 888. 410. 477. 480. 484. 488.

01111.1,211.

1111111111.11,828.

011111111, 1111101111111. 1,188.184.
188201.

0111111, 1111111111. Ι, 148. 244. 248.
247818.

- 11, 808.

0111111, 811811101111111. 1,84.887.

01111111111, 11111. 1,121. 122.

01111111.1,82.888.

1111111111,11111.11,14,

0111111. 80111111.

011111. 11,14.

011111, 31181111. 11, 04.

01111111111,81111.11,4,

011111,11111.1,184.

10 113. 1, 88. 282. 288. 818. 822. 828. 870.

- 11, 478. 470.

1011111111.1,804.880.

-11,80.447.

1011111111, 0111181111811. Ι, 87.

1111111111. Ι, 28. 80. 82. 88. 88. 80.
107. 170. 178. 181. 180. 201. 248.
808. 811. 888.

-11, 2. 88. 78. 88. 87. 08. 100. 110.
801400.

101111111110111113. 1, 101. 108.
108. 107108. 100. 848.

10111118113,0111111.1,84.

- 11, 8. 0. 10. 80. 82. 88. 110. 120, 188.

10111111113,01181111.11,8120.
10131111,11111, 11, 184. 180140142.
147. 148. 102. 204. 208. 208. 21³: 280.

 

