103) Ugyauaz ugyanahhoz, 110. 6 11111. 1707. 1111. 101. 2. ¹
(0001011011 0011111, 110. 0 1111101 1707. 01011, Ful. 2.)

101)00011111001011101,110. 1211111. 1707. 1111. 101.
(0011οΙ010101,110. 1210111011707. 00010, nol.)

1011) 00010 d'una lettre 10111. 0110110111 1111. 10 00101111.

100) 11111101 11111111 0011110111100, 110. 111110 21 1001 1707.

Minuta.
(1110101101011011110 an 0011110111,110. 11111021 10111707. 1110 n 11.)

107) 00111101111111111111, 111. 1011111101 1707. 1111.
(00110111 0011110111, 110. 10 1111101 1707. 00010.)

108) 11111101 11111111 0011110111100, 110. 1 Sept. 1707 11101-

1111Ιο1. 1110111.

(11001οΙ1010 7101110010 0011111110, 110. 1 Septemb. 1707 1 Mamilia
Minuta.)

100) 00111101111111111111, 110.2311111. 1707. 1111. 101. 3. t
(00110110011110111 23 Juitl. 1707. 00010, 101. 3.)

110) 0001010110. 201110. 1707. 1111. 101. 2.
(001101010101, 1102011111111707. 00010, Ful. 2.)

110101111111110111 1101111111. 1
(001101010101,110. 3011111011707. 00010, nol. 3.) ’

112) 111110111111111 0011110111101, 1101001110011011 29 Sept 7

1701Μί01111, 101. 2.

(1100 1011010 11011000 100011110111, 110. 100111111101120 Septembre
1701011010, 101. 2.)

110)00111101111111111111, 110. Humana 131111 1707. 1111.

101. 3.
(0011011 0011110111, 110. 11010001 1310111707. 00010101. 3.)

114) Ugyanannak 101010 1 ministerheu. ddo. Humana 13 1011

1707. 1111.
(010101101 8011101100 11 100 Minister, 110. 11001001 13 1011 1707.

00 10.
Ρ1111))1111. 11111111 001100011101, 110. 1001110011011118001.

1707. Minuta.

(1011011010 01011100 11 0011110111, 110100111001101111 Septembre
1707. 1111110.)

116) 00111101111111111111, 110. 201111 1707. 1111. 101. 3.
(00110110011110111, 110. 201011 1707. 00010, nol. 3.)

 

