8000011101. 111111 1707. 1110. 101. 9.

(001001010100, 1101111011707. 00010, 1101. 9.)

89) 11111011 1000 101110 10 011000 111110001111. 0101100 10
121111 1707, 000001001100110000001, 101. 1.

00) 1111. 01101110 0011110010100, 110. 10101111009010101707.

ΜΙΙΠΙ(1111111110 11010000 101 0010110010, 110. 1010111100 9010101707.Μί-
0010, Fon.)

91) 0001110010 1011011101, 110. 18 Mai 1707. 1110.
(11011011 0000110011, 110. 1811111707. 00010.)
92) 11111101 01101110 00001100101100, 110. 110110710111011707.

1110. 101. 2.
(1110101010 11010000 00 0001110010, 110. 110110 710111. 1707. 1110010,
1¹¹0 1. 1.)

01) 010011 101101, ado. 1101 1000. 00. 01. 0.
(8011011 0001110011, 110. 21. 1101 1707. 00010, 1101. 9.)

91) Ugyanaz, 110. 1 1010 1707. 1111101. 3.
(000001010100, 1101 10101707. copie, 1101. 9.)

91) 0300010110. 11 1010 17071110. 101. 2.
(000001010100, 110. 111010 1707. (10010, 1101, 2.)

90) 11111101 01001110 0011110011100, 1101101110 21 1011101 1707.

Minuta, 101. 3.
(1110101010 11010000 111 0001110010, 110. 1101102110111.17071110010.
1101. 3.)

97) 0000110010 1011011101, 110. 11 1010 1707. 1110. 101. 4.
(1101101111001110010’, 110. 11 1010 1707. 00010, 1101. 1.)

98) Ugyanaz 1 0100101100, 110. 19 1010 1707. 1110.
(000001010100 00 100 Minister, 110. 19 1010 1707. copie.)

99) 11001010 1011011100, 1102210ἱο 1707. Μ10. 101. 3.
(0000010101εο 11011011,110. 2210ἰο 1707. (10010, 1101. 3.)

100) 11111101 01001110 0001110010100, 110. 1010111100 11 1001 1707.
Μιῃ1111101011010 110100001ἶο 0001110010, 110. 7010011100 11 11001 1707.
1110010.)

101) 0001110011 101010101100, 110. 211010 1707. 1110. 101. 2.
(000111001010 100 Minister, ddo. 211010 1707. (10010, 1101. 2.)

102) Ugyanaz 1011011101, 110. 291010 1707. 11110. 101. 1.
(1100001100 11011011, 110. 291010 1707. 00010 , 1101. 1.)

 

