000

40. 41. 44. 44. 40. 47. 00. 00. 00. 1
70. 74. 74. 78. 77. 84. 00. 0001. ι
04. 00, 101. 140400. 100140141.
144. 140. 447. 104. 400. 107. 101.
100. 104. 107. 180. 100. 474. 174.
474. 180. 104. 400, 404. 411. 414.
414. 410. 440. 404. 400. 440. 447.
400. 404. 400. 400. 401. 400. 014.
018. 040. 004. 047. 004. 000. 000.
000. 400. 400. 440.

4 0 4 0 11, 410οὶ3000 001101140οι4. 4, 84. 87.
00.

- 11, 410. 444. 447.

400110040000.11,144.

40000, 0000001. 1, 184. 180. 184.

- 44, 100100.

40000100. 4, 4. 0. 40, 14. 44. 404.
040. 004. 000.

- 11, 07. 00. 100. 440. 440. 140. 444.
440. 400. 100. 180. 080.

4 0004. 1, 444.

4400-000000.14,400.

4000000. 14, 177. 411.

4 000, 01 003140011οο 1410101011 (0. 00011
01. 40110.) 1, 400.

- 14, 440. 001. 004. 000. 410440.

4000 01., 41000040 00, 4. 0001004004001100
00000041, 104.

40110, 01 (0. 00011 04 4000 004 Boling-
110040.) 11, 408. 440. 441. 400. 040.

4000100. 11, 000.

40001100.1,004.

- 11, 40. 00. 04. 00. 400. 470. 000.

4000041.,1404000.1,44.40.04.04.00.
0000110000

- 11, 4. 44. 170. 404180. 180. 474. 040.

401100, 01. 010110 40011100.

1440111004. 41,0.7.

440 1 0 0 0 - 70011100. 11, 170.

40400040.1,440.444.

40100010· 044100. 1, 800. 001. 000.

440110,40010ος.11,407.

40101000. 1,00.

1400100100.11,401.400.

14001 V. 11,04. 040.

11004 vl„ 1101000. 1, 4. 4. 0. 4. 0. 0. 7. 0.
0. 10. 44. 14. 10. 1410. 40. 40. 44.
00. 00. 40.40.44.01.40.01.04.00.
04. 07. 88. 00. 70. 70. 70. 00. 00. 07.
08. 100. 117. 140. 140. 147. 140140.

400. 100. 144. 140. 107. 140. 400.
404. 404. 170. 171. 170. 470100.
101. 107. 100. 400. 401. m. 411.
440. 414. 418 440. 444 444 4440
444. 440. 440. mamam.
400. 401. 404. 404. 400. 400. 407.
408. 400. 470. 470. 404. 484. 400.
400. 400. 407. 408. 400. 000. 404
007. 010. 044. 018. 040. 044. 040.
000. 007. 044. 040. 004. 000. 004
000. 001.

-14,4.441.444.

1400111. 11,040.

140 04 111., 110010 000 8000400. Ι, 104 104

-11,40.40,170.474. 170. 470181.
480. 407. 400. 414. 440. 440. 418.
410. 440. 447.

1400100411, 001040000000100110

414 00 1 y, 40010ος. 11, 407.

1440040. maiam.

nram, 0001, 0000001. Ι, 84. 407.
4444414447. 440. 440. 400. 000
000. 000. 004.

- 44, 140. 104. 400. 100. 400. 170. m
480.107.180.100. 100. 100. 404
407. 010. 044. 007. 084. 080. 404.
440. 447. 400. 404. 400.

11000400. 1, 48. 00. 410. 440444. 010,
008. 040. 044. 000. 084.

- 44, 0. 40. 70.00.104.140.100.100.
478. 400. 400. 470. 477. 470. 404.

4001414011. 1,104.104.

1100111400.1,104.

4014014400.11,001.

11001000, 4011000. 14, 00.

4401000000,10001. 4, 80.

144000. 11,40.

xi 00, 44010140 000. 4, 407. 471. 474177.
484, 000. 040. 047.

- 11, 80. 81. 00. 01. 04. 140. 101.
1440040000,440.11,87.
440040,0101000.44,44.
44001014400. 4480070.
4440001,14000000. Ι, 140. 440. 100100

040047.

- 11, 70484.

41010001.1,04.04.100.101.400.404.
100. 040. 000007. 004.

-11,1. 18. 40. 41. 44. 44. 40 0001.
00. 04. 00404001.οἉ 7074.ῒὶ

 

