575

(1101131111111111113 10101111111111, 11111. 01111111 01111 1706. 11111111,
01 Ι. 2.)

4) 0111111111 1110111111, 11111. 13111 711111 1706. 1111. 111. 2.

(0111111111 0111101, 11111. 181117 11111 1700. Co pi 1, 011. 2.)

’ 0) 11111111 11111111 01111111111111, 11111. 111111 131111 1706.

Minuta, 111. 2.

(1101130101 1111111113 111101111111111, 11111. 111111 1311111706. 11111111,
011. 2.)

0)011111111111110111111, ddo. 1411111 1700. 1111. 111. 2.
(0111111111011111111101. 1111111 1700. copia, 011. 2.)

7) 0311111101. 111112011111 1700. 1111. 111. 3.
(011111111111, 11111111120111111706. Capio, 011. 1.)
8) 11111111 1111111101111111111111, 11111. 1111111111 271111 1706.

uin. 111. 3.

(1101130111 11111113 111 0111111111, 11111. 111111111127. 1111 1700.
11111111, 011. 2.)

0) 0111111111 1101111111, 11111. 1111111112811111 1706. 1111.
101. 3(0111111111 01111111, 11111. ’1111111111 28 11111 1706. Cupie, 011. 3.)

10) 01111111 11111111 011101111111, 11111. 1111111111 10 suin 1706.
Min. 111. 3.

(11111311111111111113 101 0111111111, 11111.1111111111 1011111700. 11111111,
011. 3.)

11) 0111111111 1110111111,11111.Τ11111111 7 Mai 1706. 11111. 111. 1.
(01111111111 01111111, 1111111111111117. Mai 1706. 011111, 011. 1.)

12) 11111111 11111111 01111111111111, (1111. 1711111706. 1111. 111. 2,

(11011ςί1111 Weisung 1111 0111111111, 11111. 17 11111 1100. 11111111,
0112)

13) 0111101111 1111111111ἰί 11111 Imperatorem et Regem Josephum
1., atque 0111110111111 regni Hungnriae status, 11111. 0111111 81111
1706. Copia, 111. 8.

11)01111111111100111111, 11111. 111111 171111 1706. 1111. 1112.
(0111111110 01111111, 11111. 1111111 17. 11111111. Cupie, 011. 2.)

10) Ugyanaz, ddo. 22 Mai 1706. 1111, 111. 2.
(011111111111,11111.22. 1111 1706. Copia, 011. 2.)
16) 111111γί 11111111 01111111111111, 11111. 111111 2411111706.

Minuta, 111. 2.

(1101130111 10111119 11101111111111, (11111111112111111706. 11111111,
011. 2.)

 

