553

7111. in 11111. Spr. An 111111111111111111111 am Raude 1111111111113 Ludwig
111 xlv. 1111111111 im Auszuge und 11 1111111111.)

12) 1111 1111111 111111111111111111111111111111111 1)111 11111-
11111 2) 11111111 11111111111 11111111 3) 1111111 11 1111111111111111
az 11111111 1111111 11 1111111 1) 1111131111111111131111111111111111
ὅ) 1111111111 1111111111 111111) 1111111111 11 11111 111111 1111. 111.

3,11. 11111.

(11111111 111111 1111111 auf 111 Fragen: 1) 11111 ihre 1111111111 sei?
2) Was 1111 1111111 111 1111111 1111111111 3) welches ihre Verbindungen in und
1111111111) 1111111111 111111 1) 1111 111 0111111111 111111 111111111311111 sei?

ὅ) 01111 ihrer 811111 auch 111 ’11111111111111111 Ρ1111 1111111113 1111 Cop ἱ 1,
3 111., 11111. Spr.)

13)11111111)1“1111111)11 Heronhoz 111. 1111. 11111111111111
1111111 1111111111 11111111 1111111, 1 11111111111111111 11111111 11111
11111, 3111111111111 1111111111 111111 1111111. 1111111. nyelv.

(111111 1111111) 111111 Heron 11111 11111111. Er 1111111111 1111111111 zur
3111111111111111111111111 11111111 111 11111111 von 1111111111 111111111111
11111. 3111111111 1111111111111111111111111. Copia, 11111. Spr.)

14) ’1111 1111111, [11111111 11111111Χ111. 111111111131111111

11131111οΙγΙ11111111111,1111)11111111 leguagyobb 11111111 11 11111111
111111. 1111. 111. 1, fr. nyelv.

(Entwurf 11111111, 11 11111111 1111111 1111111111111111. 11111 811111
1111111111 111111111111111111 11111111 1111111, 1111111111131111111111 grfisuten
1111111 1111111111. 1111113111, 11111. Spr.)

15) 11111111 11111 311111 1111ᾳυί11111, 111. 17. 11111. 1703.
1111111111 1113111111 1111111111 11 11111111 1111111111, 11111111 pedig

arra 1111111111, hogy 1113111 1111111111 1111111 11111111 1111111111
111111111111111111111 111. 1111. 3 [1111. 11. 11111.

(Franz 1111111) an 111 11111111 1111111111, 111. 17. 11111 1703. 111
11111111111(111111111111111131111111 111 einiger 111111 111111111111, und
1111111111111111111111111111 1111111111 Ludwig in 1111 mit 1111 1111111· 1111111111
1111111111111 11111111111111111111111111111111111 111111 11111111. eopia,
3 11111111, 11111. Spr.)

13) 1111111111 111111, 111. (1111111 23. Aprile 1703. 111 11111
1111111111111111111111111111 11111111) 11111. 1111. 111. 1 11 4⁰ 11111
11111111.

(1111111111 111311111111, 111. (11111111 23. April 1103, 11111111 von
111111 snite 311111111111111111111111111 1111111111111111111111, 1 111.
in 4⁰„ 1111111111111 811.)

 

