577

(1161106010 11011010 sur 0001110110, 6101011111110 20 1001 1700.
1111010, Ful. 2.)

33) 00001100101016011100, 110221011101 1706. 1110. 101. 2.
(00011100106011011,1102210111οι 1700. Cupie, 101. 2.)

111) 11010110 situation 100 affati-es de 10 11000110. 1111. 101. 2.

35) 11111101 1111101110 Desulteurshez, 110. 1010011100 2 Septemb.

1706. 111111010101. 2.

(116010Ιί0110 11011010 11 0111110010, 110. 1010011101 2800101601· 1706.
1111010, Ful· 2.)

36) 00001100101011011100, 110. 2111011101 1706. 1110. 101. 2.
(0001110111 11011011, 110. 2111011101 1700. 00010, F 01. 2.)

37) 11111101 1011101110 00001100101101,110. versatiles 0 Sept 1706.
utin. 101. 2.

(116110Ιί010 11010010 fur 0001110011, 110. versatiles 0. Septemb. 1700.
1111010, 1101. 2.)

38) 6000110010 1010011100, 110. camp 10011610011001 1706.

11100101.
(000011011116011011, 110. 00010 devant Grau 11001 1700. 00010.)

30) 11116010 xlv. Lujushuz, ddu. Camp 101011610011 10011706.

11101011 0011111. 101. 3 10 41.

(11116010 01 Ludwig 11111.,110. 00010 101011 (1110110011706. Ori· ’
01111.1110011111110,1ὀ131110.)

10) 00001100101010011100, 110. 001110 devant (1100111001 1706.
1110. 101. 2.

(11011011 11000110010’,110. 01101011110111 11 10011706. Cupie, 11012.)

11) 11111101 01001110 0000110010101, 1101010011100 1100101110

1700. utin. 101. 6..

(116110Ιί010 Weisung 1111 0000110010, 110. 70101010011001011. 1706. 111-
11010,1101.2.) -

42) Desulieurs 1016011100110. 001110 1010110101, 18 1001 1706.
11100101. '
(60110111 [100011001οζ 110. (111110 101011 Gne 1010011700. C 0010.)

13) Kuu'tyi 111001, 110. 1010011100 23 Sept. 1706. utin. 101. 2.

(116110110110 Ε11111010110,110. 1010111100 20 Septembre 1700. 1111010,
001. 2.)

41) 0000110010 1011011100110. 25 10011700. utus. 101. 2.
(110110110000110010’, 1102510011706. (10010, Fut. 2.) ·
’46) 11111101 01001110 00001100101101, 110. 1010011100 28 00101110

1706. Min. fot. 2.
1001. 11110. 01. 1111. 01

 

