184

(110010Ιί010 17010000 0011000110οη, 110100001100171100000100 1701.
1100101101. 2.)

129) 00001100001011011100, 110. 28 8001. 1707. 1110 1013.
(8001011 0000110000, 110. 28 Septemb. 1707. 00 010, 101. 1.)

130) Ugyanaz 0 ministeria, 110. 0000000. 1110. 101. 3. ”
(1100001010100 00100111010100010101001101000. 00010, 1101. 3.)

131) 00000001011011100. 110. 1001100101. 17071110. 101. 3.
(1100001100 11001011, 11010101 100101001707. 00010, 101. 3.)

112) 11000000, 110. 12 00101. 1707. 1110101. 3.
(000001010100,110. 12 00101. 1707. 00010, 101. 3.)

133) Ugyanaz 0 01010100100,110.0000000. 1110.
(000001010100 00 100 Minister, 10000110 [1010οι. 00010.)

131) 11000000 1011011100, 110. 20 00101. 1707. 1110101. 2.
(000001100 8001011, 110. 20. 00101001707. 00010101. 2)

131) 11110011 1000 lettre 10 110. 10 1100011Ιο 0 110. [1000110000

131) 0000110000 1001011100, 110. 11100. 1707. 1110. 101. 4.
(1100101111000110001, 1101100001. 1707. 00010, m 4.) ’

137) 11300000 0010101011οι, 110. 0000000. 1110. 101. 8
(000001010100 00 100 Minister, 1000010001000. copie, 101. 8.)

138) 00000001011011100, 110. 1011000001. 1707. 1110. 101. 2.
(1100001100 8001011, 110. 1011010001. 1707. 00010, 101. 2.)

139) 0000000 001010100100, 110. 11100. 17011110. 101. 2.
(0000010101οο 00 100111010100,110.1111000001. 1707. 00010, F 01. 2.)

140) 0000000 1011011100, 110. 11 Nov. 1707. 1110. 101. 2.
(1100001100 8001011, 110. 16 1000001. 1707. 00010.)

141) Ugyanaz, ddo. 8 0000011. 1707. 1110. 101. 3.
(1)οο0010101οη, 110. 8110000011707. 0 0010, 1101. 3.)

112) 11101101 01001110 0000110000100, 110. 121000. 17081110.
f⁰¹· (2110101010 1010000000000110000, 110. 12 1000100 1708. 1110010.)

143) 0000110000 0 ministerhez, 110. 8 0000101. 1707. 1110.
(110001100το 00100 Minister, 110. 811000001το 1707. 00010 .)

141) 11101101010011100000110000100, 110. 1000011100 0000000. 1110

(1110101101011010000110 Denalieurs. 110. 1000011100 vom gleichen ’1000
0 0 010.)

111) Α minister 0000110000100, 110. 0000000. 1110.

(Der Minister 0010001000. [1000011000100. copie.)

 

