572

113) 000011000010110111000110110100, 110. 13 Decembre 1701.

1110. 101. 2.
(0000110000ι 11001011 cn 100 10013110. ic December 1701. 1101. 2)

114) 11101101010011100000110000100, 110100001000 20 1000100

1706. 1110010, 101. 2.

(1101311010 11010003 110 0000110000, 110. 10000110020100010017Ν
1110010, 101. 2.)

111) 00001100001011011100, 110. 11001100 20 Decembre 1705.

1110101. 2.
(0000110001 11001011, 110. 11001100 20. December 1701. copie, For. 2)

116) 0300000110. 0300001130 Decembre 17011110. 101. 2.
(000031010100, 110. 0100100011οί 30. December 1701. 00010, F 01. 2)

117) 11010011 1000 lettre de 110. 0000110000 0110. 10 1100000,
110. 26 Decembre 1701. 1110.

118) 11111000 XIV. bajoshoz‚ 110. 11001100 30 Decembre 1705.

Ered. 00111100. 101. 2 10 4⁰.

(1111100000 101013111.,110. 11001100 30. December 1701. 001310.
1130011011310121011.)

113) 1101101 01001110 0000110000100, 110. 1000011100 4 Ferrier

1701. 1110010, 101. 3.

(10013110101010003000000110000,110. 1000011100110001001706. Dicere,
101. 2.)

120) 1100010000 1011011100, 110. 0000 ’10100 0 1000100 1706.

1110. 101. 2.
(0000110001 11001011, 110. 0000 1010011000. 1706. 00010, 101. 2)

121) 1110110101001100000110000100,110.110οΙ0 18 1000. 1701.

Minuta, 101. 3.

(1101311010 110100030011000110000, 11011001] 1810001701 minute,
101. 3.)

122) 1000101111. 10100100, 110. Paris 1210001001706. Ere·

1011, 101. 2.
(11000101 00 Ludwig 111, 110. Paris 12 1000100 1706. 00131001, 101. 2)

123) 0000110000 1011011100,110.111010100 201000100 1706. uis
ml. 2(Desalleurs' 30010101, 110. 11101010201000100 1700. 00010, 101. 2)

124) Cupie dc 10 lettre de 110. 0000110000 0110. 101000101, 110.
0 1000100 1706. 1110.

 

