570

17) 011111111111111111111, 11111. 20 Mai 1706. 1111.
(011111111101111111, ddo. 20. 1111 1706. 0 opi 1.)

18) 1111111, (111. 21111 17001111. 111. 0.
(111131111111, ddo. 21111 1706. copie, Fol. 0.)
10) 11111111 1111111101111111111111,(111. 11111111181111111 1706.

1111. 111. 4.

(1111111111 11111111 111· 1111111111, 11111. 1111111111 0 sufflet 1700. Ιί-
1111, 011. 4.)

20) 11111111111111111111, ddo. 101111 1700. 1111.
(0111111111 01111111, 11111. 101111 1706. 01111.)

2011111111, ddo. 10 0111 17001111.
(011131111111, 111. 10 ,1111 1706. Copia.)

22) 11111111 11111111 0111111111111, (111. 111111 22 0111111700.

Minuta.
(Kssnigliche 11111113110111111111111111112211111 1706. Minue.)

20) 01111111111111111111, (111. 201111 17061111.
(0111111111 0111111, 1111201111 1706. Cupie.)

24) 11111111 111111110111111111111, (111. 20 1111111 1700. 1111.
(1111111111 11111111 111 1111111111, 111. 20 1111111 1700. 1111111.)

21) 0111111111 1111111111, 111. 201111 1700. 1111. 111. 0.
1011111111* 1111111111111. 201111 1700. 01111, rol. 0.)

20) Ugyanaz, ddo. 01111111 17001111.
(011131111111, 1111. 0 sufflet 1700011111.)

27) 11111111 11111111 0111111111111, 111. 1111111111 121111 1701.
1111. 111. 2.

(1111111111 11111111 111· 0111111111, ddo. 0111111111 12 11111700.Ιί-
1111,011. 2.)

28) 011111111111111111111,1111. 71111111700. 1111.
(01111111110111111111. 71111111 1700. 01111.)

20) 11111111 11111111 01111111111111, (111. 101111.1700.1111,111.2.
(1111131111101111111111 1111111111111. 10 1111 1706 1111111, 0111.)

00) 011111111111111111111111. 14 1111111 1700. 1111111. 2
1011111111· 01111111, ddo. 141111111700. 01111, 1111. 2.)

01) 0311111111111111111, 111. 1111111. 1111. 111. 2.
(0111811111111 11 den 111111111; 31111111 1111111. copie, Ful. 2.)

02) 11111111 11111111 01111111111111,111. 1111111111 201111. 1700.
0111. 111. 2.

 

