507

40) 0939119993 XIV. Lajoshoz‚ 009. Agl-ia 0 091 1705. 0113191. 3.
(0939119993 99 Ludwig xlv„ 009. Agri· 6. 1191 1705. 09919, 091. 3.)

50) 01999199 399 193 9091993 09 0999919 999119. 00991999. 0990.
191. 3 19 4⁰. (091 g.. 3 III. in 4⁰.)

51) 0939119993 XIV. Lajoshoz, 009. 09919 3 1191 17050131912.
(0939119993 99 Lndwig 1101.. 009. Agri· 0. 01911705. 09919, 091. 2.)

52) 1119119191931113 093909993099009. 19 1919 17059 1199391093.
1119919191. 2.

(119919090919319991199 99 0939119993, 009. 181919 1705, 0 0993911193.
0119919, 091. 2.)

53) 0939119993 1900311139 1199991099, 009. 19919 13 091 1705.
(0991901 0939119993· 993999399139, 009. 09919 13. 1191 1705.)

54) 0939119993 XIV. 091930990οο. 16 Mai 1705. 1113191. 2.
(0939119993 99 Ludwig xlv„ 009. 101191 1705. 09919, 091. 2.)

55) 0999999 9999990099, 009. 919919 200911700.0113.191. 3.
(09939109 99 099391099, 009. 09919 20. 1091 1705. 09919, 091. 3.)

56) 0999999 9999990099, 009. 09919 27 0911705. Mais. 191. 3.
(09939109 99 0999391099, 009. 09919 27. 0191 1705. 09919, 091. 3.)

57) 0999999 9999990099, 00919919 30 1191 1705. 013. 191. 2.
(09939109 99 099391099, 009. 09919 30. 0191 1705. 0 9 919, 091. 2.)

58) 0999999 9999990099, 009. 119919 31919 1705. 1113. 191. 3.
(09939109 99 0993910999, 009.-0991931919 1705. 09919, 091. 3.)

50) 01931113 09390999099 XIV. hajostul, 0091190913 191091

1705. 0119919, 191. 3.

(19319991199 99 0939119993 999 0909199010, 009. 109919 131910911705.
III 19919, 091. 3.)

00) 0939119993 XIV. 199930990οο. 19919 61919 17001113. 1912.
(0939119993 99 Ludwig XIV, ddo. 919919 01919 1705. 09919, 091. 2.)
01) 1119119191931113 093909993099, 009. 019919 16 1910911705.

0119919.

(1109190909 1931999699 99 0939119993, 009. 019919 10 191031 1705.
0119919.)

02) 0939119993 1900311139 XIV. 09993099, 009. 09919 10 1919

705. ms. 191. 2.
¹ (DosaIIeuru' 0991901 99 1909191110, ddo. 19913 1019191705. 09919,
0912)

63) 11191191 9193013 093909993099, 009. 0199390193 23 191091
1705. 1119919.

 

