881

188 p 81 1, ’1888188 1888818888. 11, 818.

188881181811,881188ς. 11188.

Leumuberg,anathemandi.

Leucbtonborg, 818881888183 88881
888.

1818188888. 1, 888.

-11, 78. 88. 88188.

1888818. 11, 888. 188. 887.

1888888881,8888881.188. 71.

18888181818.

- ΙΙ, 188188.

1811881818.

118881888,111888.11.188.

118818881818,11881.11111188181.

11811881. Ι, 88. 88. 188118.

-11, 181111.

Ligu 8881181188,118. 11, 1. 11.

11118. Ι, 117..

1181818, 88888 888. ΙΙ, 18. 11. 18.
11. 88. 111. 118. 181. 188. 188.
188. 818.

118188, 8181888811 11, 7.

1188811881.

1188888811888.

1118, 11888 888. ΙΙ, 11. 111.

111888881, 118.

- 11, 111. 188.

11188888, piamon. 1, 178.

188888, nuth. 11, 118. 118. 188. 188.
178181.

18888811811111.

188188. 1, 111181. 171.

- 11, 8. 8. 8. 11. 18. 88. 11. 18. 88.
88. 88. 111. 118. 181. 188. 118.
111118118111. 118. 118. 181.
181188188188. 111. 118. 118.
188. 181. 181. 188. 188. 171. 178.
188188. 888. 887. 811. 818. 818.
811. 811. 881. 888. 878. 881. 888.
881. 888. 188. 187. 117. 118. 118.
111. 111. 118. 118. 118. 118. 188.
188187.

1818818388, Herzog von. 1, 881.

- 1188. 178. 881. 118. 188, 818. 818.

18881188.

1 1888881188188888,11181818.1, 187.

1188881118118.

188118181887.

- 11, 78. 88. 188.

1881881181.

1888118881. nra. Ι. 188 888.
811. 888.

-ΙΙ,18.81.88.11.88. 78. 87. fl.
88. 178.

18181ς,1881ς8881ἶς88ι1181.88

mdvig xm. ΙΙ, 117. 171.

1818813111, [hig 888 Puduit
Ι, 88.·18. 178111.

18181ς881188. mn m

1811818888.1,81.

11111818. 1, m

- 11111.

118888188811. 11888.

1181811. 1, 117. 111.

-11,188.181.

18111188 1181. 11, 887.

118188.1,171.188.818.811.888.871.

- ΙΙ, 8. 17. 181. 118111. 118. 117.
181. 178. 888. 818. 811. 811. 818

181181818111, 881881. 111.

8881888888,88888,Ιῑιίι888. 1,17.
881.

1811881. 18188888. 888.

- 11, 881. 181111.

1181111118, 11818811, 181. 118. m
118118.

118188,118η8μ11,18.

818188, 1188111181. ΙΙ, 178.

118188, 118188. 11, m.

118888181881.

118181818811,117.181.

11881881. ΙΙ, 171.

1188188, 11881818. 1, 11. 81. 8181.
88. 881. 888. 881.

-11, 11. 888. 811.

1188881. ΙΙ, 188.

888188888188. 1111.

- 11, 8. 81. 188.

88118888831.1,81.188.117.111
188. 171. 178. 181 888. 887. 871.
888.

-11,1.8.8.7.8.17.18. 18. aa
18. 11. 18. 88. 81188. 87. 88 11.
11. 11. 11. 18. 1118. 18. 81. 88.
8881188. 188. 181. 118. 111. 118
118. 118 ’118. 118. 1118118111.
718111118188178111118.

Hal-lberam, Honogi· 8. 11118.

118811. 1, 178.117.181.181.818.888

- ΙΙ, 188.

 

