997

914444414999. 989. 981. 982. 989. 999. 988. 999.
9434444,9441444. 11, 999. 991. 992. 999. 994. 9999999117.
9444414444444. 499. 99. 199. 192. 998. 999. 491. 492- 499. 494. 499.

419. 299. 298. 241. 249. 244, 249 499. 497. 498. 499. 449. 441. 442.
287. 288. 918. au. 999. 419. 414. 419. 417. 419. 424. 422.
9443444, 9419444444444. 44, 199444. 424. 429. 429. 427. 428. 429. 492.
m „⁴ mmmmmmm
94444444, Baton. 44, 419. 499. 499. 497. 991. 992. 994. 999.

9444444, 9444444444. 4, 94. 987. 997. 998. 999. 949. 944. 942. 914.
9444. 1, 494. 944. 949. 949. 919. 917. 918. 929. 921. 929.
94443444444,9441.1,992. 927. 928. 929. 999. 999. 924. 999.
- 11, 99. 999. 999. 999. 997. 998. 989. 949. 941. 949.
9444414441. Ι,248. 944. 949. 949. 947.
- 44, 44. 199. 244. 297. 292. 972. 992. 9444444444, 98443444. 4, 9. 4. 9. 9.
429. 7. 9. 9. 49. 14. 19. 14. 29. 21. 29. 24.
9444444444. 1, 4. 2. 4. 9. 9. 7. 8. 9. 29. 29. 29. 99. 94. 92. 99. 99. 97.
41. 49. 19. 29. 24. 29. 27. 29. 99. 91. 99. 99. 49. 41. 42. 49. 44. 49. 49.
92. 99. 94. 98. 49. 94. 92. 99. 94. 99. 47. 49. 49. 91. 92. 99. 94. 99. 99.
99. 97. 99.99,92.99.99.99.79. 74, 97. 98. 99. 74. 89. 89. 89. 99. 99.
79. 77. 79. 84. 99. 92. 99. 99. 199. 499. 494. 422. 429. 199. 194. 449.
194. 492. 199. 447. 121. 429, 129. 144. 149. 479. 479. 199. 299. 229.
199. 194. 492. 199. 199. 199. 199. 229. 227. 299. 241. 299. 292. 289.
191. 199. 498. 174. 478. 488. 498. 284. 289. 299. 299. 949. 944. 947.
189. 191. 194. 499. 4149299299. 949. 929. 929. 929. 999. 991. 992.
299. 249. 241. 214. 249. 219. 217. 999. 994. 297. 999. 949. 949. 999.
218· 229. 224. 229. 229. 299. 244. 994.
247. 249. 299. 291. 294. 298. 292. ..- 41, 2. 9. 44. 99. 42. 49. 99. 92. 99.
294. 299. 297. 299. 279. 274. 284. 92, 194. 119. 147. 421. 122. 479.
292. 298. 999. 991. 949. 912. 949. 299. 224. 222. 229. 227. 279. 299.
919. 999. 999. 999. 997. 999. 941. 999. 922. 929. 928. 999. 999. 419.
942. 844. 949. 992. 999. 419. 429. 497. 498. 499. 448. 494.
- 44, 2. 9. 9. 7. 42. 14. 19191927. 492. 499. 494. 472. 474. 479. 479
99. 99. 49. 49. 99. 99. 92194197. 477. 492. 499. 491. 499. 999. 919.
144. 119. 121. 199. 499. 491. 499. 999. 997. 998.
194. 194. 179. 174. 179. 479299. 9444444444, 44414441, 72. 424229.
219. 218. 219. 221. 222. 229. 224. 299. 928.
229. 229 291. 292. 299. 297. 249. - 41, 49.
244. 249. 249. 249. 248. 299. 291. 94444 44444, 9444441444 444. Ι, 47. 99.
299. 294. 299. 298. 299. 299. 291. 488. 999. 999.
299. 294. 299. 299. 297. 299. 299. 94444 4414444444,94444444844444444-
279. 272. 279. 279. 279. 277. 278. gen. 4, 99.
279. 299. 282. 289. 289. 289. 287. 9444444444. Ι, 49. 91. 191. 979. 984.
· 289. 299. 294. 294. 299. 297. 299. - 44, 279282. 299289299999999.
299. 991. 992. 999. 999. 999. 919. 914. 929. 928. 929. 994. 899. 942.
914. 919. 919. 917. 948. 919. 929. 949. 992. 999. 999. 999. 991. 992.
924. 929. 924. 929. 929. 927. 928. 999. 999. 491. 492. 499. 499. 499.
991. 994. 999. 949. 944. 942. 949. 419. 411. 412. 414. 417. 424. 429.
944. 919. 948. 991. 992. 999994. 997. 949929.
999. 999. 992. 994. 989. 999. 974. 944441449. ΙΙ, 244.
972. 979. 979. 979. 977. 978. 979. 94444, 94444. ΙΙ, 2.

ΜΜΜ4ΜΜ. ss

 

