652

81 ος,18111. 13137.

811111181111111, 3333.

- 13313.

311111. 331. 33. 188. 183. 184. 187.
188. 133. 133. 138. 333. 311. 313.
313. 313. 318. 333. 338. 343. 337.

-13138,

31181111111. 3131.

311811, 11111. 13141.

8111111111. 3434. 388.

- 13134. 183. 173. 173, 178. 878.
31111118. 3838.
811181183111111111.1333143818.
311111, 1111118111. 8311114.
3111111. 11, 13.

3118111, christoph. 11, 33.

3118111 , 3111111118. 1, 387.
3118111, 8111811. 11, 33.

31111. 3117.

3111, 3111111181. 3181.

81111101οῑ1, 11181111111111. 11, 333.

8111111. 133333. 38. 43. 41. 43. 43.
48. 43. 78113. 118. 184.

3111111, 1111111811. 11, 31.

3111118. 3838.

- 13313.

3111, 3111111 111. 3843. 848.

8111, 31111111 111. 3 131. 137. 183348.

- 11, 31. 138. 478.

311811. 3118. 133. 183. 837. 311.

844. 348. 883.

- 11, 1. 8. 7. 81.

311811, 81111111. 1, 173.
8111111,31. 13318.
81111141,111111ο1. 13341.
811111111, 3111111. 1, 3. 8. 3.

13. 34. 37. 83. 88. 73. 74. 73. 183.
137. 184. 187. 131. 337. 333. 331.
348. 383. 333. 333334. 337. 338.
338. 833. 333. 838. 843. 344. 343.
383. 383.

- ΙΙ, 3. 3. 37. 73. 83. 31. 33. 33.
131. 133. 131. 133. 138. 133. 134.
133. 143. 141. 143. 113. 147. 148.
143. 133. 131. 137. 181. 184. 171.
183. 1311. 313. 333. 333. 331. 381.
388, 441. 443. 444. 443. 484. 478.
173. 488. 333.

311118113111111. 3183.
8111111811. 3133.

8111111811. 1333. 1

311111.Ι,8.38.38.31.84.348.334. j
833. 343.

- ΙΙ, 3. 3. 4. 3. 8. 7.8. 3.11.17.18
33. 31. 34. 33. 37. 33. 43. 41. 48. 43.
33. 83. 83. 73. 73. 83. 83. 31. 8833
133. 133. 138. 133. 138. 113. 118
113. 133. 133. 1311331431 147.
148. 143. 133. 133. 1318183188
184171, 173. 178. 178. 183184.
183133. 131. 333. 334. 311. 313.
313. 314. 333. 338. 333. 383. 377.
383. 331. 831. 313. 318. 318 m.
833. 883. 333. 333 113. 413.

31111111 1111. 11, 3. 3. 4. 37. 3. 13
33113. 133. 388.

31111,1111111111.1,33.

-11,833.

3111111, 31111. 3333.

311111, 1811118111 111. 1, 33. 34. 33.
34. 387.

- 13413.

31111111, 11111111. 333 83. u. 77.
188. 178184. 133. 313. 213. 331.
373. 373. 333. 337. 883 381388

- 11, 138. 488. 433. 433. 434. 433433

81111181. 3313

8118111, 8181111. ΙΙ, 3333. 43. mn.

3111111,11111111. 1314.

3111113117.

3181111111, 1111118111. 11, 3. 31. 384
333. 338. 418

811111118.11,131.

311111, Regino-t 3881113187. 177.

31111111. 3373.

3111811311111. 13113113. 118117.
138. 141. 184. 183. 133. 133. 134.
313. 314. 313. 333 338 3113333
334. 383. 888. 133. 133. 433.

31111111.13173.

311111338111. 133333.

8881111. Ι, 337. 333.

- ΙΙ, 8. 31. 37. 178. 333. 338. 338. 318
313313.

3881111, 118111 111. 13334. 384.

88881118181811.11,173.

388111118118111. 13433.

81111381141,8118.(8.111881.3111
118 81. 1181.) 13 333131. 433. m.
437. 433. 433. 484. 133.

 

