3331. 1,18.

-· 11, 1. 13. 18. 19. 21. 23. 27. 217. 333.
121181.

Puris. 1, 3. 23. 29. 33. 72. 7381. 83.
83. 87. 88. 93. 98. 99. 139. 137198.
111. 112. 113. 111. 113. 118. 119.
123. 122. 123. 121. 128.127.128.
129. 133. 131. 132. 133. 131. 133.
133. 139. 111. 113. 117. 118. 119.
133. 133. 133. 133. 138. 132. 133.
131. 133. 133. 137. 172232. 233.
223. 228. 233. 233. 231. 233. 233.
213. 213. 213. 218. 219. 233. 231.
233. 231. 233. 238. 239. 231. 233.
271. 272. 273. 277. 282. 287. 313.
323. 321. 323. 327. 333. 331. 332.
339. 333. 333. 387.

- 11, 1. 12. 13. 113. 223. 213. 231. 273.
283. 283. 311. 333. 333. 333. 312.
313. 317. 231. 371. 381. 332. 331.
383. 131. 113123123127. 123.

132. 133. 131. 178. 191. 313. 327.
339.

9333 3. 11, 333. 337.

933313331,11331.11,11.13.313.311.333.

93331. 11,191. 193.

93131. 1,121. 329.

-· 11, 3. 32. 33. 39. 138. 278. 283.

93313. 11, 311.

Pu. 11,111.

9333133. 11, 183.

93131, 3333331. ΙΙ, 113. 178.

9333331,3331.11,11.

93331331381333113133133.

933333, 33333 333. 11, 11.

9331. 11,133.

Peneum. 111313133 (133 Herzog· von
113131313. 1,131. 132. 133. 133.

- 11, 392.

9313311333311333,9333.1,38.
173. 338.

931333333333,1.333.11,13.113,
118. 119. 133. 131. 132. 133. 133.
132. 131. 133. 138. 139. 173. 171,
172. 179. 193. 191. 193.

9313333333. 1, 77. 78. 183. 303.

- 11, 112. 133.

93133333,11333. (1313133311.) 11, 23.
131. 192. 231. 233. 231. 233. 293.
339. 312. 319. 333.

333

93133331,3333331.11,333.

913133331. 11,173.287.331.

913313, 3113333133113. 1, 32. 13. 11.
131. 188. 193. 193. 233. 233. 233.
213. 211. 231. 331. 333.

- 11, 7. 13. 11. 31. 33. 73. 93. 131. 191.
193. 212. 213. 332. 311. 311. 331.
129113. 138. 321.

3311133111,133133338333133.1,231.

931 11 p p, 8333133313333311333331. 1, 33.
383.

9111113312, 113313 von 83331331, 31.
129. 133. 131. 133. 132. 131. 223.
233. 237. 388.

ή11,33. 32. 113. 129. 228. 231. 233.
273. 323. 393.

91333331 11,113.

91333331, 93133 333. 1, 132.

91333, 3331. 1, 77.

- 11,38.

91333133.11,339.

91333133-931333.11,283.

9133. 1, 32. 383.

91333333311, 123.

9333333311. 11,1.

93331133.11,319.

Po 133, 1, 1.7. 1312. 13. 21. 27. 28. 23.
33. 33. 73. 71. 71. 73. 73. 78. 79. 83.
81. 83. 88 111. 113. 131. 139179.
133. 187. 188. 191, 233. 213. 211.
218. 223, 222. 229. 233. 239. 233.
237. 283. 298. 331. 333. 337. 338.
313. 311. 327. 932. 313. 331. 332.

- 11, 2. 3. 9. 13. 11. 13. 18. 23. 2132.
33. 31. 31. 31. 33. 38. 72. 79. 83. 82.
81. 93. 139. 123. 139. 111. 119. 133.
131. 132. 131. 172. 181. 182. 183.
197. 233. 228. 233. 231. 283. 289.
333. 337. 333. 333. 383. 398133.
113. 121. 123. 129, 133.117.138.
173. 173. 178. 181. 193. 193. 339.
313. 311. 318. 319. 333. 337.

93 1 en, 313, 1, 38. 39. 71. 213. 212. 297.
339. 312. 313. 317. 319. 331.

93133,113313333. 1, 28. 33, 31. 32.
33. 37. 73. 121. 177. 178. 182188.
223. 239. 219. 211. 213. 213. 217.
218. 333. 313. 322. 331. 338.

- ΙΙ, 1. 3. 13. 11. 13. 13. 21. 33. 72. 93.
91. 133. 119. 133. 188. 187, 237. 239.

 

