607

(11111111) 1111111111 111., 111. 81111111 161111 1700. 01111111,
111. 2 11140)

42) 1111111111 1 1111111111, 111. 81111111 161111 1709.

1111. 111. 2.
(0111111111 nn 111 1111111111, 111. 81111111 161111 1700. copie, 1111. 2.)

40) 11111111 11111111 01111111111111, 111. 11111) 1 1111 1700.
1111111, 111. 3. '
(1111111111101111113111011111111, 1111111111111111 1709. 1111. 1113.)

44) 1111111 111111111111, 111. Paris 231111 1709. 11111111.
(V 11111 11111 11111111, 111. Paris 23 1111 1700. 01111111.)

411)111111111111111111111, 11111111 2711111700. 1111. 111. 2.
(1111111111111111111, 1110111111 2711111 1709. copi 1, 1111. 1)

46) 11111111111111111111,11ο.1’1111 3 11111. 1700. 1111. 111. 2.
(1111111 11 111 minister, 111. Paris 3 11111. 1700. 011 g 111 1, 1111. 2.)

. 47) [1111111111 1111111111, 111. Ρ1111811111. 1700. 1111111. 3.
(1111111111111111111, 111. mk 811111. 1700. Copi 1., 1111. 3.)

48) 11311111, 111. Ρ11111 21 11111. 1700. 1111. 111. 2.
(0113111111, 1110111121 11111. 1700. copi 1, 1111. 2.)

40) 1111111111111111111111111111111, 111. Vel-suillos 12 Septemb.

1700. 1111111.

(11111311111111ι11111111111111111, 111. vamina 12 811111ιῦ. 1700.
Ι 11 111.)

10) [1111111111 1111111111, 111. 01111 1 11111 1700. 1111. 111. 2.
(01111111 1111111111, 111. 11111111 1700. Cupie, 111. 2.)

111) 1111111 11111111111111, 111. Paris 111111 1700. 1111. 111. 2.
(venda 11 111111111111, 111. Puris ³ 11111 1700.(11111111.)

112) 1111101111 1111111111, 111. Pate& 8 11111 17091111. 111. 2.
(1111111111111111111, 111. 011118 11111 1700. copi 1, 1111. 2.)

13) 11111111 11111111111111, 111. ugyanaz. 1111.
(011131111111 11111 Minister. Gleielm 111111101111.)

114) 1111111111 1111111111, 111. Ρ1111 11111111 1700. 1111. 111. 4.
(111111Ιοί1111, 111. 01111 11111111 1700. 61111111. 4.)

111) 11111111 11111111 01111111111111, 11111111111111 19 Septemb,

1709. 1111111.
(111111Ιί111101111111111111111111, 111. 1111111111 10 Septembre 1700.
M i 1 1 11.)

116) Ugyanar„ 111. 11111) 10 octob. 1709.
(011111111111, 111. 11111) 10 011111. 1700.)

 

