011 .

00) 11000001 xlv. bejesbez. 11000110 17 1011101 1710. Ere·

1011, 101. 1.
(00100110 00 Ludwig nv„ 110. 00110 17 Ι10111. 1710. 01101001, 001. 1.)

07) XIV. Lejee 0111000101, 110. 110110 26111111. 1710111010101

ejtntje Vetttst.
vepppgmig nv. 10 11110010, 110. 1111Ιο20 10011110, 101 Minister 0010110111

98) 1110100110 0000010001Ιο guerre de Hengrie, 01110110110,10
1 beust 17101 Paris. 11101. 101. 9 10 11.

00) 10110110 e 0101101101, 110. Perie e Septemb. 1710. 0101.
“ 0
ΪΙΙ. Ξιιοῃὲιὲτο en 1000101101, 110. 00110 b Septembre 1710. 01101001,
0. rm ·
100) 11000010 0000001101, 110. Paris 20 Septemb. 1710. 0101.

101. 2 10 11.
(00100110 en 100001100110. Parte 20 00010011. 01101001, 001210 11.)

101) 0101111Ιο eministerhez, 110. eu Cemp D'Onoit (0001)
22 bouet 1710. mes. 1011.

Ι(1110101110 00 100 Minister, 110. decemp 1100011 22 1001 1710. Oe 010, ’
00 ,1.)

102) A minister Fierrillehez‚ 110. 1010011100 21001011710.

11101110, 101. 2.
(Der 11ὶο10101 00 01011100, 110. 7010011100 23 001 1710. 1110010, 001. 2.)

103) 11000001 0000001101, 110. 10100111002100010011. 1710.

ts. 10. 2.
Μ (00100110 en 100001100, 110. 7010011100 20 Sept 1710. 00010, 001. 2)

101) 11111010 e ministerbez, pene 11101, 110. 01010000 28 Sept.

1710. 0101011 00011111, 101. 1 1011.
(011100010100111010101 010 0011, 110. 00010000 20 Septembre 1710.
01101001.01000110110001. 11011.)

100) 01011110 0 01010101100, 110. 01010000 20 Septemb. 1710.

10. 10 . 4.
M (0111111οω100111010101, 110. 00010000 20 Septembre 1710. cepte,
001. 1.)

106)101010101010111110101, 110. 7010011100 2711010011. 1710.

Μ11111101 11101010100010111110,1107010011100 27 11010101. 1710 nuto,

00·

 

