11οὅ

128) 00 701100 1 110. 10 00000010 00 Tomy, 000. Pario 201000.
1708. 10000. 101. 11. -

117) 1101011οο 00 0000101 pres 00 800000 000100 10 18 000000-
bre 1707.

128) Cupie d'une lettre 00 Pr. 1111000000 0011010117, 000.
31 0000001. 1707.

0000010 01 100000100010, 1708. 101. 18, 101.

1) 00 vestes (11016ογ0001 110011) 0 0100100100, 00000010
10 1000. 1708, 0000001001 100011100010101010000100011100000101·

1010100.

(001011101100101000 1101έο00001] 00 000 10010100, 000. 0001010100.
1708. 011101 um 1101001οἰ00 000000011ος0ος 000 000 110100) 0100001101ὴο
801010010010.)

2) 0000110000 1001011100 0 1101101000, 000. 7 1000100 1708.
κᾶθ’(1111011000000000 00100 110010, 000 71000. 1708. copi 0, 001. 2.)
3) 1110ογ1010011100000110000100, 000. 1000011100 811000 1708.

1110010 101. 1.
(1110131101011010003 1110 0000110000, 000. 1000000811οή 1708. 1110010,
Ful. 1.)

1) 0000110000 1000011100 a 1101, 000. 28 10001708. 1110. 101. 2.
(Βο010110000110000· nn 000 110013, 000. 13 1000. 1708. 00010, 101. 2.)
11) 111011γί 01001110 0000110000100, 0001000011100 11111000 1708.

10. 1012.
Μ 11ῦο1011010 11010000 00 0000110000, 000. 1000011100 1111000 1700111·
0 010, 101. 2)

0) 00 101160001010100100, 000. Mona 210011 1708.
(00 1101110 00 000 1110ἰο100, 000. 11000 2 10011 1708.)

7) 0000110000 1001011100, 000. 2 0000. 1708. 1110. 101. 0.
(0001011 0000110000, 000. 2 1000. 17081 00010, 101. 0.)

8) Ugyanaz, 000. 10 11010. 1108. 1110.
(0003100100, 000. 101000. 1708. 000 10.)

0) 11300000, 000. 171000. 1708. ms. 101. 1.
(000031010100, 000. 17 1000. 1708. 00010, 101. 1.)

10) Unam, 000. 111000 1708. ms. 101. 2.
(000001010100, 000. 1110001708. Copia, 101. 2.)

11) 11101101 01001110 0000110000100, 000. 1000011100 1210011 1708.

1010.,101. 2.
³8·

 

