668

(1166161166616616661166 66 0666116666, 666. 7666611166231611161 1706.
1616616.)

61) 0666116666 XIV. 16166166,666.16616 13 1616 17061116

161. 3.
(0666116666 66 Ludwig xiv, 666. Agris 131616 1706. 066 ie, Pol. 6.)

06) 11666666 6 661616166166, 666. 6666666 1116.
(1166661166 66 666 Minister, 66666166 Datum. Copis.)

66) 111611616166111606661166661666, 666. 116616 30 1611161 1706

Minuta, 161. 2.

(1166161161611616666 66 0666116666, 666. 116616 60 1611. 1706. 1116616,
ro 1. 2.)

67) 11666666 6 61616166161, 666. 6666666.
(06666116 rom Minister, 61616166 Datum.)

68) 066611666666116161661166, 666. 19 1616 17061166161116.
(0666116666 66 666 Minister, 666. 1111616 1706 ir Agris. 06616.)

69) 11666166 66 86116 i'Hornmenu 61166166 6 16 16661166 66

Franco 666666 66 661666 11116666, 66666 66 ministre 666166 61161666
6611666616. 1116. (06616.) 161. 816 4⁰.

70) 0666116666 1666611166 xlv. bajoshos, 666. 66 (lump 66 2 lienes
66 Ρ661 27 1616 1706. 1116.

(0666116666 8661611166 1666161111.,666. 66 86666 66 2116666 66 Ρ661.)

71) 1161111 (sic).

72) 0666116666 1666611166, 666. 1 1611161 1706. 1116161. 2.

(1166611666611661611, 6661 1611161 1706. Cupis, 11612.)

73) 1116116161661116 06661166661166. 666. 116616 616661 1706.
ΜΙΠ1616661611616 116166666611666116666, 666. 116616 011661 1706. Minuta.)

71) 06661166661666611166, 666. 66 06166 6666 1’ 1616 66 St. 16661

41611161 1706. 1116.

(0666116666 11661611, 666. 66 06666 6666 11616 66 8116666 1 taines
1706. 06616.)

76) 11666666, 666. 66666611 8 1611161 17061116. 161. 3.
(066661616166, 666. 666666661161816111611706. Cn pis, 861. 1.)
76) 11116666 166616 IV. Lajoshon, 666. 06616 66 16666-1166116

16616 116666 66 Ρ66181611161 1706. 86611166, 161. 216 4⁰.

(Riitesy’s 8616661166 66 Ludwig xlv.. 666. 06666 66 versa-sais: trois
116666 66166181611161 1706. 8166611616. 1161. 216 ⁴⁰.)

 

