084

11181181. ΙΙ, 122. 128.

1411111111, 0111. ΙΙ, 82.

- ΙΙ, 187.

11111, stadt. 11, 228.

Nun-Bana, 1181188811, 427. 400.
470.

11131-1111111 (0188-11188818101,

282. 270.
1118181. ΙΙ, 281.
11111181, 184. 182. 180.
14111111,118815188.1,228.
11818 81. Ι, 20. 22. 184 282. 280.
- ΙΙ, 271. 227. 278. 414. 448. 211. 212.

11818811, 11811. Ι, 207. 208. 221. 202.
- ΙΙ, 222. 220.

1111111181 21881181. ΙΙ, 27.

11882815. ΙΙ, 172.

11888813, 01181 188. ΙΙ, 240.
1188148181. Ι, 180. 222. 220. 220. 228.

- ΙΙ, 7. 0. 17. 20. 122102. 402.

1188111111. Ι,212.
- ΙΙ,27.
Nm. 1, 80. 214.
1118888111.11,402.
81888111888. Ι, 120. 122. 124.

- ΙΙ, ³. 280. 200. 220. 222. 288. 202.

407. 410. 421. 220.
11181181-01181181811. ΙΙ,210.
1118883882222.

- ΙΙ, 227. 244.

1118188181, 2111118188. ΙΙ,220.
1181811828 1148111811, 242.
2818281812222.
0181-01181181811.ΙΙ,210.
8181-118118.11,188.
01181-18181. ΙΙ, 208. 242. 280.
0 8 811 Ι , 2113111181. Ι, 222.
081181181811. Ι,228.

-ΙΙ,11.228.
081181181811,811281183111818.ΙΙ,27.
081181181811,11881188.Ι,1.2.12.17.

18. 22. 28. 22. 20. 27. 28. 47. 40.
20. 21. 22. 28. 27. 28. 20. 00. 01. 84.
08. 00. 70. 74. 72. 70. 78. 02. 110.
122. 122. 128. 180. 101. 102. 170.
177. 178. 170. 180. 182. 102. 210.
211. 217. 222. 227. 221, 222. 220.
240. 242. 220. 280. 201. 202. 202.
204. 200. 207. 278. 282. 202. 200.
208. 218.

081481181811, 11881188. 11, 2. 2 12
14. 22, 21. 22. 22. 22. 42. 21. 24.
22. 27. 28. 22. 04. 71. 72. 21 27.
00. 112. 120. 122. 122. 122. 172.
174. 172. 184, 187. 128. 122. 241.
202. 202. 217. 220. 221. 224. 224
2222222211. 240. 227. 288 182
287. 220. 202. 202. 210. 211. 217.
222. 220. 237. 228. 220. 241. 222
222. 227. 282. 271. 278. 280. m.
411. 440. 442. 448. 428. 422. 484
487. 488. 202. 207. 208. 210. 224.
081181181811, 11111811· 188. 11, 222
081181181811,Ρ118188118188.Ι.227. ¹
oren. 188118. ’

- 11, 78. 127. 444.

01811811811, 0211148811. Ι, 12.
01811811811,1881.1,222. ⁴

- ΙΙ, 2.

0888. Ι, 20. 21. 20. 74. 122. 217. 222
227. 220. 222. 200. 202. 202. 222. 202.

- ΙΙ, 2. 77. 470.

0118181, 1181183188. 1,12Ι,122.

- ΙΙ, 10. 200. 201, 212. 220. 227. m
221. 222. 224. 227. 228.

0118181, 11111818 188. 1148

0118888, 2111181188. ΙΙ, 222. m
270. 282. 282. 202. 424

018121181812118118. ΙΙ,28.

0118818. ΙΙ, 422. 207.

011111, 28182224.
- ΙΙ, 120. 212.
01188881,01181811.1,142.
0811881188. Ι,100. 117.
8118111111881.1118111.
0118111, 1111818. ΙΙ, 222. 228. m. 224.
424.

P· 1111811 1811848118. ΙΙ, 420.

0111118.ΙΙ,24.01.81.188.128.4Β-

01111188(1882811). aneuz.

Pu my, (1111 18828111811882111. 1, 207.
218. 222. 222. 220. 220. 222. 224. 222.

- ΙΙ, 10.120.147.140.124. 128. 122.
177. 178. 170. 181. 182. 182. 187.
188. 122. 102. 100. 127. 220. 242.
408. ’

2111888,2811188.11,2.122.148.121.
182184182.

01811, 11811. Ι, 228.

- 11, 420.

 

