193

91) Copia 111 1111111 1111191111111111111. 11 1111111, 111.
1111111 29 9111111. 1121 1111111 1797, p. 1. 11111111. 111. 2.

97) 91 711111 111111111171111111, 111. 11111 1 1111. 1797.
(De 1111111 tn 111 11111111 1171111, 111. 11111 11111. 1797.)

98) 11111111 1111111111, 111. 1111111124 1111. 1797.
(9111111111111111111, 111. 111111111111211111. 1797.)

99) 9111111 1111111111, 111. 1111111129 1111. 1797.
(911111111111, 111. 111111111111291111. 1797.)

109) copies 1111191111111. 11 711111, 111. 11111111 1811111.
1 11111,111111,911111 11 11111 1797.

191) 111. 11111111111111. 11 11111111 11Τ1111, ddo. 1111111111
11 1111111 1797. 11111. 11111111 (01111111, 111111.),111. 21141.

192) 91711111111111111111111171111,111. 11111 17111111797.

193) 11111111 1111111111, 111. 111111112911111. 1797.
(1111111111 11 111111111. 111. 11111111111129 11111 1797.)

194) 91111111111111111,111. 1111111129 11111. 1797.
(91111111 11 1111111111, 11111111111111129 11111 1797.)

191) ’1111111111 1111 lettre 11 pr. 1111111111 111. 11 1111111,
111. 111111 1797.

’ 196) 11111111 xlv. 111111111111. 1111111111 911111 1797. 11111.

11111111. 9111111 1 Bretagnei 1111111111111111111111.

(91111111 11 Ludwig xlv„ ddo. 1111111111 9 111111 1797. 011111. 111111-
1 11111. 9111111111111111 1111111111 111 91111111111111111 111 81111111.)

197) copie 11 11 lettre 11 1111111111 1111. 11 11111111, 111.
1111111111 19111111 1797, p. 1. 11111111, 111. 2.

198) 9111111 11 lettre 1111111111 1111111111 1191111111111.
11111911, 111. Berlin 2111111 1797.

199) 1111111111111111 11111111111111 111111 (911111111111),

111. 91111111 21111 1797, 111. 2.

(1111111111111111, 11111111 8111111 [11 9111911111 111. 81111111
2 Mai 17971111. 2.)

119)911111111111111 11 111. 9111111111 1111. 11 9111111111
11 7111111111, 111. 1 911111111 1 Mai 1797.

111) copie 11 11 lettre du pr. 111111111111.119111.1111
7111111111, 111. 1111111111 71111 1797.

112) Ι11111111 11 deux 1191111111. 11111111 1111. 11711111,
111. 1797.
1111111111. 11111. 18

 

