011

11) 111111 1111111111, 111. 18111111 1 11111 1711.
(11111111 111 1111111111, 111. 1111111111111 Ami 171 t)

12) 11111111 1111 lettre 11 pr. 1111111111 1111111111, 111.
11111111 13 11111 1711, 111 111111.

13) 1111111 1 1111111111, 111. Paris 21 11111 1711. credent
(711111 11 111 Minister, 1111111121 11111 1711. 01111111.)

14) 11111111 1311111111, 111. Paris 21111111711.Ε11111.

111. 1.
(01111111 11 1111111111, 111. 011112011111 1711. original, 111. ι)

111) Ugyanaz xlv. Lajoshoz, 111. 1111111111111. . 11111 1711.

111111111111111. 11111111, 111. 3.

(01111111 11111111 111, 111. 1111111111111 . . 1111117111- 111-11
11111111. 01111111, 711. 3.)

10)οῃ11111111111111111, 111. Paris 26 Septemb. Eredeti.

,1111 11111111, 111. 3.

[01111111 11 111111111111, 111. Pario 20 Septemb. 0111111111·
11111111. 111. 3.)

17) 0111111101.11]11111,111.1111111111 21 Septemb. 1711.

11111111, 111 1.

(0111111111 1111113111, 111. 1111111111 21 8111111111 1711. 011ςί-
111, Fal. 1.)

18) 03111111 1111111111, 111. Paris 23 Septembre 1711. 111

ti. 111. 3.
‘¹0 (01111111 11 111 1111111111, 111. Paris 23 Sept. 1711. 01111111, 1111)

10) 11111111 1 1111111111, 111. 0111113 21 01111. 1711. 11111.

1111111111. 111. 1 1141.

(1111111111111 Minister, 111. 0111113 210111111 1711. 01131111,
11111111311111111.1111.11111.)

20) Ugyanaz xlv. Lajoshoz, 111. 1111111. 11111. nem 111111

. 1.
‘Ol (0111111111 Ludwig 117. 01111111 011111.0111111111111111111-
1111111111. 1.)

21) Ugyanaz ugyanahhoz, ddo. Dantzig 31 01111. 11111111 1111

111111. 111. 1, 11111111111 11 11 mort du Dauphin.

(0111111111 111111111, 111. 0111111131 01111 01111111. nieht 11311·
111111. 111. 1. 01111111111 1111111111 0111111.)

 

