554

17) Principis Francisci 11110000 01 Comitis Ν100101 3000οέ001
proclamatio ad ilungaros, ddo. in regno 1010010010 0000 Britan 12
Maii 1703. Mais. 101. ny. 2100. 10 4⁸. (copie, 101010. 800, 2 01.
10 11.)

18) Ugyanaz 10000010 00010. 11110210010110.
(00000110101000030100110080000100. copie, 3 mmor folio.)

10) 11010000 000000 1100ου10100. 000. 1010011 1703110000-

000010100 000100 0000001001 0000010000010010011. 0100. 10. 00οΙ0.

(11010000 00 11000010 00 000000, 000. 10. suni 1700. Er 0011110101 scine
0101001110 1100000 1101001000Ρο01011000000.00010, 10000. 800.)

20) 0000000γί 010100000010000 0000000 0010010010 10000000100000
010000011000001. 000. 10000010 10. 1010 1703. 000. 10, ny. 101. 4.

(0000000010 11001010 0000 010 00001101ιο 000 zu 0000010000000 [101000101οη
000 0000100000 003010000101100, 000. 10000010 main 1703. Cupie, 10000.
800, 4 ΒΙ.)

21) 11010000 00 300000 0000010100, 000. 1101100 29. 1010 1703.

Mais. 101001000010. ny. 101. 4.

(110100000011000010 00 1100000, 000. 110110 20. suin 1703. (30010.
2 11000001.. 10000. 800.,1111.)-

22) Ugyanaz ugyanahoz‚ 000. 00 00000 00 1100000010 2. 0001

1703. 0110011001 00100001 00 00001 000001. 11100. 10. 00010.

(1100001100 00 0000011100, 000. 00 (30000 00 0010000010 2. 00001 1703, fiber die
00011000 1101000000010000101100, 000 110100110οι0 Geld. copie, 1 rant. Spr.)

23) XIV. hajos 0001000000, 000. 20. August 1703, 0000101000-

1011000 03000 10000001 1101100000 00000100. Mas. 10. 00010. 1010010000.

(0100010000 Ludwig des xlv„ 000. 20. August 1703, 000010000000100
0100 03000 100010110011010000. Copia, 10000. 80 0., 2 1100000Ιο00.)

24) 11110000 XIV. Lajoshoz‚ ddo. 00 000ιο devant 8010000 (010)
20. sept. 1110000000101001 010000010111 0 0010010010 10100001. 11000.

10. 00010.

(11010000 00 Ludwig 0001111.. 000. 00000 00 80100000 (010) 20. Sept.
1703. 11000111000100100 1001001000 1000010100 000 010 Lago 001000 Angelegen·
heiten. original, 10000. 800.)

20) 11300000 000000 0000010000, 000. 26. 8001. 1703, 1110

10. 0 etv.
(yDerselbo 00 11000010 0000000100. 208001. 1703. 00010,100οι. 8 00.)

20) Ugyanaz ugyanahoz, ddo. 20. sept. 1703111010. 00010.
(00000110 00 0000011000, 000. 20. 8001. 1703. Cupi 0, 10000. 800.)

 

