“ tuo

llougrie. G'est 01001 000 10 general 11000110 e* 001 0000006 00 10 ’1000-
0110001000001001 00 10011110. L' 00 011 00001001 que le 01001000 00 Gur·
geuy 00 000000 0011100001. 11 estoit 000 01010110 000 111000000001000
00 00110 muniere 0000 10100001100010, 00 00001000 jusqu'oux fronti-
0000 00 0000010. 11000 10 temps qu'ils 000010001001 0001010 001000 00
0001000000100010, 00 00010 0111000000 1000000001Ιο poloque 010110
000100001100000010000010 de Seepus 000010 uem 000 1000000 00
10000010011, 01 10 00010000 0001001 qu'en 0000000 tempe 00 00000 0010-
0100010 0000110010 0110000000 01100000 101100 00 00016 0010000010,
1000 000 1000110 joiuts ensemble eoueoieut 000 01100000 1000 tortu et
1001001 0100100000000,000 100 010011 00000 que 10 00. 0000010011
0000100 1000 000010 0011 000110 000 0000100 e'eotoit 0601000 0000
1000000000. 000 000110 0001001000οό 000 0100000100 100000001οο 00
000 01101000 0 010. 0000110000 que je 00010 0100, qu'il eu 0000 000010110
100 relations 0 10 0000, 01 qu'il y 0000 00006 00 0000001000 10000 000
001100 00 mes 01101000. 01010 000 10100000 00000110 01 100000100 00
penerel 00000001100 1000001000 000010010010110000 de 0000000010
100, 10 00010 0000 00 8110010 00100000011000 1011010 fut 00000 01011060
lese 0011000011000000 00 ’1000011000ἱο 00 001100 00001100 d· biver
00101010, 010001000110, 010000100 lieux 800000, 01 100 0011000 00
guerre eeeeereut. C'oot pourquoi 10 Pr. 11010000 0000000 100 comtos
000000010 00 00100 10100000 000001101οε 0010010110 0’ 0000 10 re·

00001100 00 1000000 0000 1000000110οε 0101000· 101 10110, 0100 1000 00
10000 0000000 0101011 000010 00011000οο0 00 10 guerre, 0000100100
10000010 0001000 comtes qu’il 00 000 00 00000 0 0000000 000 000-
1001000 que 0000 0000 00111000 devoir 00100 0000000 000 10 00000 00
1000000000 00 001000. 1000001 que 0010 001010011, 000 000110 00 100·

ule imperiale 00011 0000000 10 Veg 0000 0100000 000 1000011000, 01
0001100000000 querente 001110 000100 00 contribulium, 00010 100 rebelles
0000000001 00 1001100 00010, 100 0110000000 iurent 0001001010 00 00 0011-
000 eree precipitatione 0000 leurs 00001100010100001 quelques 10010000·
000001000010000000 01 1000001 qu' 110 00010010000000. 000010 00
temps 10 100 011 qu' 110 00 0001 10000 00 00000 01 que 1000000000 0
0000110 000 000110 00 000 000000 0011000010.

1000 operatione 000 00001100 0001100001 0000 00000 00 000000 00
00000 Danube, 00 00000001 01011 10010 00000 quelques irruptione
000010000οΙ00 00 811010, 01100110 0000001001 00000110000010000 00010
1110000000.1100000000000 110001000100 manifestes que 10 0000 00

 

