Rndny. 11, 0. 0. 7. 00. 40. 41. 177. 100.
100. 100. 000. 004. 005. 415. 410.

01011101. 00111101.

010111111,1’111111.11,00.

011111. (0.11111111.) 11, 407. 144.

450. 400. 500.

0110111,011131.Ι,001.

-11, 05. 510.

0110111, 01111 11. ΙΙ, 55.

0 010111, 0111111111. 1, 00.

01111111, 1111111111. 1, 10. 000.

0111111, 01111111111. Ι, 54. 011. 000.

01101111, 111111. 11, 000044.

0111111. (01111111.) 1, 01000. 000.
050,

111111, 0111111. 1, 100100. 100. 000.
000.

0111101. 11, 10. 01. 011.

011110111 011101. 11, 400. 500. 010.

0111111111. 11, 00. 07.

01111,111111.1, 100. 110.

- 11, 475.

0111110, 111111. 1, 007.

0111111111, 0111. 11, 10. 00. 001. 070.
000. 000. 004. 000. 010. 007. 000.
000. 000. 001. 040. 0000110100.
401. 400. 400. 100. 400. 107, 4110.

111, 111. 111. 111. 111. 111. 111.Ι

404.

0101, 11111111011011). 11, 2¹.

111111111111, 01. 105. 171. 011.
000.

0111111011111, 111111. Ι, 17. 001.

0111111011111, 011011111111.11,000.

011111.11,000.000.

0111111. 11, 500. 004.

01111. 1, 00000. 010.

- 11, 07. 107, 107. 170. 071070. 400.
504. 511.

01111111110, 0110111111111. 1, 140.

011111111. 11, 500.

11111, 1, 104. 105. 100. 107. 100100.
001. 010. 050.

11131. ΙΙ, 140. 141. 140. 110. 150.

01111111, 01110111. Ι, 171.

- ΙΙ, 010. 000. 000. 005.
01111111, 1111110.11,000. 010011.
000. 001, 000. 040. 040. 050.
0101111. 11, 000. 501. 010. 500. 505.

500. 540. 540.

007

011110, 111. 1, 00, 010. 000.

0111. Ι, 151.

- 11, 1. 0. 075. 000. 040. 4004011110.

0011111111 1101113. ΙΙ, 450.

110111, 0111111. Ι, 104. 100. 100. 010.
000.

0111111,111111.(0.011011.)11,00.
104. 015. 010. 005. 000. 050. 474.

0111111111,111111.11,000.

0111110111.11,10110000000417.
400.

0111111111, 0111111 (01111111).
1, 00. 000.

0111111, 047.

- ΙΙ, 10.

11111111, 0111101111 1. Ι, 0. 0. 10. 0100.
07. 00. 40. 41. 40. 40. 104. 105. 100.
100. 104. 141. 140110144. 110.
000. 007. 000. 001. 000. 070. 000.

0101111111. 11, 50. 00.

00311, 11111. 11, 410. 417.

1111111.11,000.

01111110. 1,050.

- 11, 101. 100.

0111111111,111111.11, 10. 01. 00.

111111 1, 71111111. 1111110111. 11, 10. 050.

0111111, 0111111. 11, 444. 140

011111111.1,00.04.000.

0111111.Ι,00.50.140.110.170.104.
011, 000. 010. 015. 007. 040. 000.

- 11, 01.175.107.000. 000. 000. 470.
0111111, 01111111. 11,100.
0111111-01111,01101111111.11,00.

117.

01111111. 1, 017. 001. 000.

01111,00111111.11,00.40.

0111011. 11,00.

01111, 0111111 (11111111). 11, 10.
000. 100. 400. 501. 000. 010. 500.
000. 504. 010. 547.

011011111. Ι,50. 101000.

011011111, mig 111. ΙΙ, 000007.
511. 515.

001111101111111.11,107.

01111-01111.11,000.000.

011, 111111. ΙΙ, 450.

0111011. 00111011.

0111111050.100000001001071.

·- ΙΙ, 110. 050. 050. 414. 410.
0111111, 011111111- 111. ΙΙ, 007.

 

