996

27) 91111111111111111111,1111.111111117 1111 17991111. 111. 3.
(91111111 9111111111, (ido. 11111111 71111 1799. 9111111111 9.)

28) Ugysnaz. (11111111111111 11111799. ius. 111. 1.
(911131111111, dds. 11111111 111111 1799. copis, i? 11. 1.)

29) 9111111, ddo. 1111111, 1111111111 11111. ms. 111. 2.
[911111111111. ς11111111911111. 91111111 91111. 91111, sos 2)

99)1111111111111111911191111111, silo. 2911111 1799. 1111111
(1111139111 Weisung 111 911191111, dds. 291111 1799. 1111 u 11.)

31) Α minister 91111111111111, dds. sgysnas. 1111111.
(911 1111111111 11 9111111111. 1111111111 911111. 1111111.)

32) 9111911111 11111111911, (ido. Talia 221111 1799. iiis. 111. 3.
(9111111111 11 11119111111, dds. ’11111 22 1111 1799. copi 1, 1111)

33) 91111111111111111111, dds. ’11111 22 Μ111799.1111. 111. 3.
(91111111 9111111111, 11111. 1111211111 1799. copis, 911. 3.)

34) 9111111, ddo. ’1911291111 1799. Mis. 1112.
(91111111, cido. 9911291111 1799. 91111911. 2.)
39) 1111111111111111 91111111111111,11(11. Versailes 4 sainct 1799.

111 1111. 2.
¹ υ(111113911191111131119111111111, dds. 9111111111 11111111 1799. Ιί-
1111911. 2.)

36) 9111111111 1111111111, dio. 8111111191111 1799. uss 1112.
(9111111 9111111111, dds. 8111111161111 1799. 91111, 911. 2.)

· 37) Ugyansz 1 ministeshez, (11181111111 13 ι1111 1799111

ἴοι &englesham 11191111111, dtis· 91111111191111 1799. 91111911. 1.)

38) 11111111) 1 ministeria, ddo. 81111111 161111 1799. Eiet

11111141.
(fliksezy 11 111111πί1111, Mo. 91111111 19 suis 1799. Origini·
1111111110.)

39) Etsi 11111111111 expedisses pour 111 subsides 1111111
prince Rikiezy depuis 11271111. 1799, jusqu’su 19 Mars 1711,
11111111 1,539.3331iv. 9 sol. 8 (111.

19) 11111111 1 1119111111, dds. 91111111 191111 1799. Ereti.

. ο.
Μ· 9119114111 111111 Minister, 11111. 81111111 191111 179901131111.

911. 1 1119.
41) 1111111111 XIV. 1111111111, dio. 91111111 19 Juin 17999111.
111. 2 in 4⁰.

 

