578

(1001011010 00101010 0000110010, 110. 1000111οι 28 omre 1711
1110010, 001. 2.

40) 00001100001011011100,110. 1 Sept 17001110.
(00001100001001011110. 1 Septembre 1700. 00010.)

17) 11000000, 110. 15. Sept. 1700. 1110. 101. 5.
(0000101100110. 15 Septemb. 1706. 00010, Fal. 5.)

48) Ugyanaz, ddo. 0 10010110000 10 0000 23 Sept 1706. uis

(000001010100110.01001011000010 00000080010001001700. 00010)

40) [1000000110. 2 00101, 1706.1110.101.0.
(000001010100110. 2 001010017θο 00010, 001. 0.)

50) 0000000, 110. 6 00101. 1706. 1110101. 2.
(0000010101οη, 110. 0 0010100 1706. 00010, 001. 1.)
51) 1100101 01001110 0000110000100, 110. 1000011100 1811000001

1706. 1110.

(100101101017010000 00 0000110000, 110. 1000011100 18 1100000100 im
1110010.)

52) 00001100001010011100110. 16 00101. 17011. 1110101. 2
(00010110000110000, 110. 16 0010100 1700. 00010, 101. 2.)

53) 1101101 01001110 0000110000100, 110. 1000011100 0 000 1701.

1110. 101. 2.

(1100100010 01010000 100 0000110000, 110. 1000011100 0 0000001. 170011-
0010, 1101. 2.)

51) 0000110000 1011011100, 110. 28 00101. 1706. 1110.
(00010110000110000, 110. 28 octobre 1700. 00010.)

55) 11000000 0 0110101001οι, 110. 00000000. 1110.
(0000010101οη 00 100 1110ῐο100000 01010100001000. 00010.)
56) 11101101 01001110 0000110000100, 110. 1000011100 16 0001701.

1110101. 2.

(110010Ιί010 11010000 00 0000110000, 110. 1000011100 10 Decembre 1701
1110010, 001. 2.)

57)Ιο000110000 1011011100, 110. 8 1100οι01. 1700. 1110 101. 2.
(0001011 0000110000, 110. 8000000100 1706. 00010, 1101. 2.)

58) 0111000101. 10100100110. 10 000ιο 10 00003000 8 1100.

1700. 11001. 00111110, 101. 2 1041.

(11110000 nn Ludwig 11111. 10 0000 10 1100000108 1100000100 im
original. 01000110110. 001. 21010.) ¹
50) 1110110101001110 000011000οὴ00, 110. 1000011100 00 000. 1701.
1110010.

 

