558

56) 00010 (1000 lettre de Μο. (10 1100011Ιο 0 11000. 10 11000010
(10 ’10000 (10 00000 (1100ἰο 12 10011 1704.

57) 000101000101100010 001000 1101106000 010 Ρο101100 (10 sseltz.
ddo. 1000100000 21. 040011 1704.

58) 00010 (1000 lettre (100 0010100, 0100. 1000010000 24.
10011 1704.

50) 00010 d· 000 lettre du S. (1011000100, (1(10. 26. 10011 1704,
1110. 1011000010 (10 Bonane, 111. 4.

00) 101010100110001110 1001000, (1010. 11000οἰ1100 10. 1010 1704,

101οΙ az 016110010100, minuta.

(1100 1110101οτ an 1110001110, (1(10. 1000011100 1010101704, 00 0010000101 aas
0110 011000 8010011000. Minu 10.)

61) 1100011 (1000 lettre du S. de Fierville, (1(10. 00000 (10 110100,
12. May 1704, 0110. 11000010 (10 1100000.

62) 11010011 d· une lettre du 001000 11616000 a 110. (10 1100000,
(1010. (10 0000010101ογ 12. 1101 1704.

63) 11010011 d'une lettre du S. (10 1110001110 0110. (10 1100000, (10
00000 (10 10100 21. 1101 1704.

64) 1001010100 0100110100 (10 11000100 00100100, (1010110010 10.

1011101 1704. Minuta.

(000 1110101000 100100011οο 010 (10 1110001110,01(10.110010 10. ,1010 1705.
1110010.)

65) 00010 (1000 lettre du S. de 11000100, a 1010026101011704.

66) [1000000110. 29. 1101 1704.
(00000160 vom 20. 1101 1704.)

67) 11116000 1100000100, (1010. 30. May 1704. Mas. 10. 00010.
(1111010ιο 00 000000, (1(10. 30. 1101 1704. C opio, 10000. 800.)

68) 00010 (10 la lettre 008. (1011000110, du 00000 (10 80100
61010 1701, 0110. (10 000000.

69) [11001100 de 1100011101οι 1000011100101 1704, 101. 17.
(weisung 00 (10 1110001110 000 7000011100 17. 1011 1704.)

70) 11116000 XIV. [0100100110. (10000010801115.1010 1704. 1

00000101601110 0101101 00000000010001. 11001. 10. 00010. 101. 7 10 4·.

(1101106000 00 Ludwig (100 xlv„ (1(10. (10 000010801115.1010 1764. Er
0010001011οί 110 0011100110 iiber 0010 1101001000 01001. 00101001, fun. ,
800.. 11171040.)

 

