ent

27) 00010 0010 101100 00 Pr. 0010000 0 1001000 0000000000,
000. 1708. 0100. 101. 2.

28) 0000100000 0001011111 10100 S. 0000. Reg. 010000101οω ab 000
01 confoederatos regni Hnngariae 010100 0001100000 011000 000 00000-
mos ab utrinque exercituum generales 00001001 0000 1708. 00010
101. 2. 1000000000 10000010 1000010000. (000101 0000001. 10 frans

Spr. Ubersetzung.)

11000010010000011000101700011710.
Vei. tt. 101.

1) 0000110000 1000011000, 000. 01001000 1700. 0110.
(0001001 0000110000, 000. 0100100οο 1700. 00010.)

2) Kira'iyi 01001110 0000110000000, 000. 700001110011100001700.

Minuta, 101. 2.
(110010Ιὶ0100 Weisung 100 0000110000, 000. 7000000100 10 Mers 17091
0110010,001. 2.)

0) 00001100001000011000, 0001000101001000. 17000100. 101. 2.
(00010010000110000, 000. 0001100100. 1700. 00010, rol. 2.)

t) 0 01010100 0000000001000, 000. 00000011 0001100. 0110010.
(000 Minister 00 0000110000, 000. 000000001001000 000000000Ιο H i 0 010.)

11) 0000110000 1000011100, 000. 01000010 171000. 1700 0110. 101. 3.
(0000110000 00010101, 000. 10οο0101710οι. 1700. 00010, no 1. 3.)

0) 1101100 0 ministerhez, 000. Paris 17 ianr. 1700. 0000011.
(1101100 00 000 01010100, 00000010 171000. 1700. 00101001.)
7) 00001100001000011000, 000. 01000110201000100 17000110.

fel. .
(2000000000 00010101, 000. noneste 201000. 1700. 00010, rot. 2.)

8) 0010011 1·οιιο 101100 00 trebentensem. 10110100 00 000·
0000 00 21 1000. 17001010.

0) instructio 000 1110 Gemite Henrien 0 Το00000 0000110100 00-
000010001000000000 00011000 serm. iiueem, Senatum Venetum 00000010
0100100100110010, Datum 0100001022100000111700. Sign. 0000οΜ
princeps. 1000. 101. t.

10) 0000110000 1000011000, 000. 01000110271000100 1700. 0100

101. 0.
(0000110000 0001001, 000. 01000110 27100000 1700. 00010, rot. 3.)

 

